1.95455943e+06 6.10906889e-12 6.74632197e-09 1.36906066e-06
3.47514650e+00 1.26008343e+03 3.24668192e+03 3.03217548e+03
3.65863688e+03 2.94843417e+03 3.95034494e+03 5.49781803e+02
7.42630653e+00 6.46018622e+00 5.86061643e-03 2.55240376e-06
1.60325658e-10 4.84051034e-15 5.60088477e-21 6.72297662e-27
3.68638770e-28 2.34346524e-28 3.64916157e-28 1.30199401e-28
8.78846531e-28 1.21746121e-28 2.84750780e-28 7.34718727e-29
3.40415402e-28 6.40734918e-29 1.61338687e-28 6.83218320e-29
2.00005419e-27 5.89539037e-29 1.63319977e-28 5.98443740e-29
2.99856020e-28 6.48621833e-29 1.68931216e-28 7.41985499e-29
7.14317085e-28 7.27882670e-29 1.68120513e-28 5.50504729e-29
3.01821599e-28 5.17806485e-29 1.55072032e-28 5.56221274e-29
1.52369352e-27 5.30540815e-29 1.59592263e-28 5.23306535e-29
3.01699699e-28 5.84765010e-29 1.76076301e-28 8.65010160e-29
6.91358738e-28 7.37309388e-29 1.79801900e-28 5.96854354e-29
2.97580647e-28 5.10393808e-29 1.49736438e-28 5.38963332e-29
6.02061676e-27 5.22769831e-29 1.52184918e-28 5.15370900e-29
2.97569190e-28 5.82861321e-29 1.71858669e-28 7.36795176e-29
6.91358738e-28 8.29793027e-29 1.82914579e-28 5.78281357e-29
3.01715097e-28 5.22086410e-29 1.53779720e-28 5.55065295e-29
1.52369352e-27 5.31789249e-29 1.52770383e-28 5.28245440e-29
3.01848927e-28 5.47412067e-29 1.67298255e-28 7.47314609e-29
7.14317085e-28 8.24651586e-29 1.76401219e-28 6.21328499e-29
2.99909185e-28 5.65862078e-29 1.59607876e-28 6.01964156e-29
2.00005419e-27 6.53391820e-29 1.57756597e-28 6.44759706e-29
3.40421405e-28 7.29874633e-29 2.82868016e-28 1.17125678e-28
8.78846531e-28 1.32123231e-28 3.67477904e-28 2.29426835e-28
3.68650627e-28 6.68678901e-27 5.60091757e-21 4.84051039e-15
1.60325658e-10 2.55240376e-06 5.86061643e-03 6.46018622e+00
7.42630653e+00 5.49781803e+02 3.95034494e+03 2.94843417e+03
3.65863688e+03 3.03217548e+03 3.24668192e+03 1.26008343e+03
3.47514650e+00 1.36906066e-06 6.74632197e-09 6.10906889e-12