2.211904574546934571e+06
3.093000313632024887e-11
5.320821021294594559e-08
5.578535425360092450e-06
4.887122724992265077e+00
1.093119900282179970e+03
4.290157484813440533e+03
4.923560602253523939e+03
4.634118996286539186e+03
1.852356781895614859e+03
2.693198095860332160e+03
4.445375575457570108e+02
3.305945177526642187e+00
3.132539181208856327e+00
3.681136594909470428e-03
2.965774942763657794e-06
3.760675521397016117e-10
2.163609182225768813e-14
4.769628535977987775e-20
1.372886728160820297e-25
6.678176614472538710e-28
2.730382757564492116e-28
6.725662816919138348e-28
1.972339784862303859e-28
1.048814029848825279e-27
2.308893857999814518e-28
2.954135365301219537e-28
9.385765892974042957e-29
3.549249347583897100e-28
7.390009456120907291e-29
1.698195985185255149e-28
9.947087118965220482e-29
1.989646057218991761e-27
6.567746499168343698e-29
1.667265408616936093e-28
6.728614433877532278e-29
3.051799990974669953e-28
6.653295476620041307e-29
1.809668896566252441e-28
9.160369569590936139e-29
7.523300301762479371e-28
8.042290960260685873e-29
1.688767370483252761e-28
5.688106396379160994e-29
3.112816914711114279e-28
5.395603989222568699e-29
1.614927360001964279e-28
5.842952435326871906e-29
1.539908447467169924e-27
5.660671669776324782e-29
1.604591324906699277e-28
5.486391443549274381e-29
3.037034761506953974e-28
6.192923380767415490e-29
1.808882451792633818e-28
9.319205920142694403e-29
7.168741738452894534e-28
8.710605658902962910e-29
1.926622819768276173e-28
6.057078701065688212e-29
3.006848320152391290e-28
5.224313479576688555e-29
1.530594549469017305e-28
5.623814090990188179e-29
5.781028236135026964e-27
5.432572134956931653e-29
1.541355736667872984e-28
5.387680767876611515e-29
3.006323232268286343e-28
5.961226233169940791e-29
1.827784641270722848e-28
8.281180476631958019e-29
7.168741738452894534e-28
9.397562600802305746e-29
1.848671609843267044e-28
5.849819962171922850e-29
3.037478010263970905e-28
5.444437339555807993e-29
1.553681076190043327e-28
5.928235562752881108e-29
1.539908447467169924e-27
5.586992081948095478e-29
1.578597019217609550e-28
5.448046723073989867e-29
3.112561924174835936e-28
5.684564849677693418e-29
1.678451238014394578e-28
8.474230883747539017e-29
7.523300301762479371e-28
1.059045641173930464e-28
1.909985455368236458e-28
6.632234740998415257e-29
3.051909737512355217e-28
6.106037971697434393e-29
1.620978022876530045e-28
6.747049250309734404e-29
1.989646057218991761e-27
9.691452138546274700e-29
1.666363131869783904e-28
7.453074553677675994e-29
3.549343346132050017e-28
9.230404036021246594e-29
2.918877127784215503e-28
2.182856451342655973e-28
1.048814029848825279e-27
1.941015870481153195e-28
6.704662196118302606e-28
2.653746700543908012e-28
6.678884230002392832e-28
1.373125990996287240e-25
4.769622824615873771e-20
2.163609186631362909e-14
3.760675521397016117e-10
2.965774942763500670e-06
3.681136594909481270e-03
3.132539181208856327e+00
3.305945177526642187e+00
4.445375575457570676e+02
2.693198095860332160e+03
1.852356781895614631e+03
4.634118996286539186e+03
4.923560602253523939e+03
4.290157484813440533e+03
1.093119900282179970e+03
4.887122724992265077e+00
5.578535425360566789e-06
5.320821021296581115e-08
3.093000313745375127e-11
