2.133991628938565496e+06
1.870268119204952519e-11
3.043159233968184405e-08
3.517424421470519553e-06
3.465808983793758902e+00
1.203696478629723288e+03
2.932629445930269867e+03
4.285256136879019323e+03
3.327210712446835259e+03
2.280382789426709223e+03
3.278608501755227735e+03
5.369151456581012098e+02
4.074192931600753020e+00
2.987742516947485161e+00
2.705026022580257240e-03
1.662825927394985562e-06
1.642447253357038589e-10
7.655565273405134601e-15
1.359812855380309761e-20
2.920673733418617957e-26
4.182202503025326327e-28
2.603190539944992867e-28
3.593398175937675218e-28
1.766322691466469636e-28
8.628833937117464976e-28
1.377690919420059432e-28
2.818798912708027259e-28
7.650133466746843468e-29
3.439724770652961497e-28
7.109776037483241384e-29
1.635599983341347166e-28
7.447288686721516986e-29
2.005463037218612990e-27
6.065715577129376470e-29
1.609521311252549909e-28
6.202209985019823859e-29
2.984473637587218677e-28
6.371708635157823839e-29
1.716940615032408101e-28
8.013492461009911246e-29
7.196676244836835745e-28
7.730059978777082357e-29
1.641922893825380486e-28
5.489390362237228430e-29
3.021518950278600556e-28
5.169765313958752083e-29
1.537797413247322512e-28
5.749222270135532249e-29
1.524762385044383475e-27
5.294656609800663562e-29
1.571880671155975993e-28
5.286050319866355857e-29
2.994816822005672462e-28
6.117901891659715858e-29
1.739530732597779567e-28
8.676492355337345950e-29
6.961546069384856910e-28
8.077260464785574278e-29
1.799584593622917720e-28
5.995598464881970340e-29
2.989911615868496939e-28
5.062201269053897194e-29
1.486780671977283796e-28
5.484245608120741121e-29
5.799666286990677577e-27
5.276848989080968236e-29
1.504427151836302109e-28
5.216140134092571741e-29
2.989981258485602951e-28
5.863710679029301038e-29
1.726431745800953721e-28
7.789427659054374548e-29
6.961546069384856910e-28
8.486894021065526800e-29
1.788331902795283429e-28
5.802369787347638405e-29
2.994383075604838855e-28
5.235849579351940724e-29
1.522664971332182149e-28
5.538603880504333836e-29
1.524762385044383475e-27
5.494052959259574845e-29
1.519009286646224813e-28
5.249911816951350080e-29
3.021477056096823996e-28
5.467405488295288182e-29
1.628070229926144294e-28
7.990725370913365798e-29
7.196676244836835745e-28
9.079717023504219091e-29
1.795452347317701344e-28
6.208076591345604634e-29
2.984393501624411132e-28
5.770476769242866154e-29
1.574585001213774182e-28
6.242415841261005770e-29
2.005463037218612990e-27
7.064011474722363537e-29
1.605501978399988286e-28
7.362960125171256081e-29
3.440550190103930466e-28
7.527183750984786357e-29
2.801997387760185705e-28
1.314968772175902206e-28
8.628833937117464976e-28
1.758275945094283665e-28
3.603385386177209500e-28
2.511032739723336393e-28
4.182535201377232023e-28
2.919436748421505018e-26
1.359813077828920035e-20
7.655565265346844723e-15
1.642447253357038589e-10
1.662825927395005679e-06
2.705026022580267649e-03
2.987742516947485605e+00
4.074192931600753020e+00
5.369151456581012098e+02
3.278608501755227735e+03
2.280382789426709223e+03
3.327210712446835259e+03
4.285256136879019323e+03
2.932629445930268957e+03
1.203696478629723288e+03
3.465808983793758902e+00
3.517424421469528524e-06
3.043159233973732471e-08
1.870268119372724134e-11
