2.121965125548004173e+06
1.777397110584253365e-11
2.874101957794722462e-08
3.355665197252615478e-06
3.556733339006636019e+00
1.290225004682424242e+03
3.176066690594973352e+03
4.667133381458805161e+03
3.452308499193472471e+03
2.270644083373344529e+03
3.451482417868611265e+03
5.355203009795106937e+02
3.801420111390690693e+00
2.721113720415748727e+00
2.367132346217880844e-03
1.345380444716650082e-06
1.273122503734362105e-10
5.835138277045263800e-15
1.004911678311078509e-20
2.037505063610705762e-26
4.074069027056649333e-28
2.752586186864458971e-28
3.831058216247915262e-28
1.703719361942288180e-28
8.427395402254689668e-28
1.378523836755199150e-28
2.793647456048822571e-28
7.509786255884354086e-29
3.467367078203376762e-28
7.233051493096650128e-29
1.642685204656608678e-28
7.425795088443961122e-29
1.968814154983968606e-27
6.024930130128059259e-29
1.631475980093816464e-28
6.476474136536426425e-29
3.020984760723407355e-28
6.339274553940416454e-29
1.706767589508654168e-28
7.970842437808592666e-29
7.278127313708819553e-28
7.817454414472624287e-29
1.659802842319862741e-28
5.605017988110558015e-29
3.037517713798875575e-28
5.280730916930633951e-29
1.546057802176719483e-28
5.830576324823756962e-29
1.540782258881518354e-27
5.366506063131128901e-29
1.587733874577904438e-28
5.341658844786728692e-29
3.035432889963553094e-28
6.086891983238279330e-29
1.769706830295221985e-28
8.734556487225442815e-29
6.861532990023083973e-28
8.382165942719500946e-29
1.817628231701894243e-28
6.131069883000535435e-29
2.996729857039399988e-28
5.222783536715550531e-29
1.498595608667508416e-28
5.574043969202801403e-29
5.749875749941209246e-27
5.330621075005586192e-29
1.515400538499328690e-28
5.348709074044229443e-29
2.996595185291381995e-28
5.968198256276570857e-29
1.745171631013694099e-28
8.154223862179852306e-29
6.861532990023083973e-28
8.686307890557242894e-29
1.831281214133117275e-28
5.759197623165813836e-29
3.035024999303298865e-28
5.323729559405097369e-29
1.528792354338441215e-28
5.648547853355399106e-29
1.540782258881518354e-27
5.603348490894212611e-29
1.526494595140559286e-28
5.351126664245539279e-29
3.037427681402336095e-28
5.604490413428132147e-29
1.650292531998991525e-28
8.046546837290907423e-29
7.278127313708819553e-28
9.156804019584028112e-29
1.782228532242424364e-28
6.259379954657549428e-29
3.021317518625179128e-28
5.873991398510191132e-29
1.593784727544335621e-28
6.191613737713759850e-29
1.968814154983968606e-27
6.983461046819850713e-29
1.607607964716344409e-28
7.464941605412285166e-29
3.467742154028235795e-28
7.364606108444524391e-29
2.773817640377822596e-28
1.309801845959419218e-28
8.427395402254689668e-28
1.701796223619630432e-28
3.840612428190740327e-28
2.638454196622947539e-28
4.074896578289010662e-28
2.034454441830151769e-26
1.004910339216187456e-20
5.835138271148185379e-15
1.273122503734362105e-10
1.345380444716550768e-06
2.367132346217888650e-03
2.721113720415748727e+00
3.801420111390690693e+00
5.355203009795108073e+02
3.451482417868611265e+03
2.270644083373344529e+03
3.452308499193472471e+03
4.667133381458805161e+03
3.176066690594973807e+03
1.290225004682424242e+03
3.556733339006636019e+00
3.355665197251602427e-06
2.874101957800563680e-08
1.777397110737391962e-11
