2.108732054645528551e+06
1.611700766673795896e-11
2.628877372099240500e-08
3.254843493397143109e-06
3.574161465212287503e+00
1.363615485019520065e+03
3.326493253127850039e+03
4.949734597502007091e+03
3.799222060157211217e+03
2.354150102407406393e+03
3.430122322134148817e+03
5.208748740911914865e+02
3.592435749252623101e+00
2.686037034206945506e+00
2.346061474458322870e-03
1.201573958411311195e-06
1.087771338684925754e-10
4.950568629207069901e-15
8.206622023371486478e-21
1.538033140198713786e-26
4.000750488939422983e-28
3.551142001323415680e-28
5.738414554312187449e-28
1.736414117510722992e-28
8.597466703161915801e-28
1.451600750973759547e-28
3.082813526730938787e-28
8.139888471247887436e-29
3.599903130344710828e-28
8.277201242749552959e-29
1.645828686110173017e-28
8.001852343230424276e-29
1.980384475341221293e-27
6.148908887683095874e-29
1.632656245155022770e-28
6.459829409024834912e-29
2.981589996137403038e-28
6.528943282097518345e-29
1.729378564850912867e-28
8.530289292686921497e-29
7.378721343199518839e-28
7.710220023698988044e-29
1.677361367566015282e-28
5.696328876639053023e-29
3.050333516761655098e-28
5.349898164070210827e-29
1.565526350743051097e-28
5.921321145576760918e-29
1.530082151970528380e-27
5.563740644129603200e-29
1.614367719226830571e-28
5.444345130978644146e-29
3.006689178673319827e-28
6.134085145063287291e-29
1.773819980610467225e-28
8.966587895874710355e-29
6.958294778322148505e-28
8.503273656168710162e-29
1.823525960678662068e-28
6.136768189906861281e-29
3.021489223413367655e-28
5.280904848488879841e-29
1.514253069324017182e-28
5.711285100508007022e-29
5.677930336892241047e-27
5.478702076794702943e-29
1.538463213674575872e-28
5.429265888788677683e-29
3.021480779622242127e-28
6.016391939178086169e-29
1.748212002930924356e-28
8.284378816415700966e-29
6.958294778322148505e-28
8.990843552380922789e-29
1.848856377759247784e-28
5.884789813523084599e-29
3.006200051973747531e-28
5.415811242714457260e-29
1.546759448067401467e-28
5.856350862265185041e-29
1.530082151970528380e-27
5.611021954766659807e-29
1.542074460462875183e-28
5.429584815581200008e-29
3.050047720354993318e-28
5.688800030078676076e-29
1.669628713671622901e-28
8.101566104795430951e-29
7.378721343199518839e-28
9.837493922835360493e-29
1.821698293198254035e-28
6.435878001489810314e-29
2.981987209944105052e-28
5.901537166082463789e-29
1.596214941455200847e-28
6.299376336713388520e-29
1.980384475341221293e-27
7.628395688317992310e-29
1.611475559909311456e-28
8.506853984447938959e-29
3.600560807323792961e-28
7.901076521748140237e-29
3.077194353247545655e-28
1.363603752075283466e-28
8.597466703161915801e-28
1.719603714406161903e-28
5.775336832200160122e-28
3.408834760331056691e-28
4.001436050734252931e-28
1.533796606695754456e-26
8.206612170183251252e-21
4.950568612805302730e-15
1.087771338684925754e-10
1.201573958411211034e-06
2.346061474458329375e-03
2.686037034206946394e+00
3.592435749252623989e+00
5.208748740911914865e+02
3.430122322134149726e+03
2.354150102407405939e+03
3.799222060157211217e+03
4.949734597502007091e+03
3.326493253127850039e+03
1.363615485019520065e+03
3.574161465212287503e+00
3.254843493395923806e-06
2.628877372102716974e-08
1.611700766803178899e-11
