2.097615354687531944e+06
1.444321943147813484e-11
2.407765246116897131e-08
3.188039121784925678e-06
3.750081195053399874e+00
1.408710749663483512e+03
3.364891354066715394e+03
4.895865849671266005e+03
3.934563457583543823e+03
2.356785235312753230e+03
3.427033097542100677e+03
5.135930751415232862e+02
3.596734694420537615e+00
2.784918135985285481e+00
2.496731385873142330e-03
1.248991133140917215e-06
1.095856345151479550e-10
4.835042282781264170e-15
7.854251973097776169e-21
1.448572038488462737e-26
3.997757828544911263e-28
3.270512335251694421e-28
5.621434418933660820e-28
1.660391124698272428e-28
8.698235389033827703e-28
1.437191104273177847e-28
3.159595091015933670e-28
8.068552896677162156e-29
3.598389477253388386e-28
8.130029562322052014e-29
1.633845789150050698e-28
7.705044345133207201e-29
2.005995407165210391e-27
6.217791518099332572e-29
1.636615086869535612e-28
6.414720905604589054e-29
3.019779813472186327e-28
6.493012886259120743e-29
1.741977213331280786e-28
8.566033091623757972e-29
7.397285212772503212e-28
7.870235448488497902e-29
1.696014273274079833e-28
5.808118594441946723e-29
3.057904253050322899e-28
5.382680714969031012e-29
1.568644296407006149e-28
5.999341306888020194e-29
1.521741082271586293e-27
5.515073898800661915e-29
1.604391955887706677e-28
5.468973553297545554e-29
3.026729265557380833e-28
6.236083277938167575e-29
1.768882230385108818e-28
8.882677107180937397e-29
6.999025141715066346e-28
8.557661833720953651e-29
1.791701001627247371e-28
6.198951842148125677e-29
3.023852493905940366e-28
5.226567367305604529e-29
1.506707999142413719e-28
5.660838227380110360e-29
5.811500242062837074e-27
5.473055355387570451e-29
1.524034222756403253e-28
5.381077453934048611e-29
3.023810009040828665e-28
6.058901653168346136e-29
1.711901676600510359e-28
8.167159511108959946e-29
6.999025141715066346e-28
8.925747067947109955e-29
1.835592349995562118e-28
5.935670868764045267e-29
3.026717418417323047e-28
5.405829295381658388e-29
1.542676335405156905e-28
5.821835628380598714e-29
1.521741082271586293e-27
5.702183331203963813e-29
1.550243214940114042e-28
5.443722382824263410e-29
3.058101241307732766e-28
5.804977686704605050e-29
1.686831677030305984e-28
8.119483226186233263e-29
7.397285212772503212e-28
9.828385737271820072e-29
1.821886576679866643e-28
6.351657788979264871e-29
3.019910550173277469e-28
5.877096302348175311e-29
1.600097540401194364e-28
6.323350765503537312e-29
2.005995407165210391e-27
7.258516353935609558e-29
1.599119077220941413e-28
8.239727816384394427e-29
3.598982005651550643e-28
7.889552418354445875e-29
3.143594813586198253e-28
1.351710887588462187e-28
8.698235389033827703e-28
1.645023101942063303e-28
5.671860351653403956e-28
3.156678127074907783e-28
3.998354139040703404e-28
1.446736269971435501e-26
7.854245133009411471e-21
4.835042265404179352e-15
1.095856345151479550e-10
1.248991133140920391e-06
2.496731385873145366e-03
2.784918135985285481e+00
3.596734694420537615e+00
5.135930751415232862e+02
3.427033097542100677e+03
2.356785235312753684e+03
3.934563457583543823e+03
4.895865849671266915e+03
3.364891354066715394e+03
1.408710749663483512e+03
3.750081195053399874e+00
3.188039121783678846e-06
2.407765246118839020e-08
1.444321943254601531e-11
