2.095056666103763739e+06
1.413708506020136310e-11
2.357163920952041711e-08
3.174450805961801262e-06
3.801965921298581907e+00
1.417430236882768440e+03
3.366284551862586341e+03
4.865549093838690169e+03
3.944918691047568700e+03
2.369445659877938397e+03
3.419556236928546241e+03
5.056122981319720111e+02
3.642864055988821903e+00
2.841428884002174637e+00
2.568479651747939286e-03
1.294301642976210412e-06
1.131503751521684637e-10
4.940946665737131903e-15
8.013958985550004450e-21
1.485435792934846149e-26
3.937828380385332769e-28
3.175602147775083602e-28
5.384216685460859998e-28
1.680400970407974183e-28
8.779654545439065472e-28
1.443270494881002598e-28
3.131047840932379661e-28
7.889653854922834587e-29
3.629935891530580503e-28
8.005437020048612721e-29
1.627934096691383375e-28
7.645469833943356361e-29
2.013366615143716108e-27
6.277336315558475047e-29
1.629351152555865303e-28
6.407955411772442761e-29
3.030692068212339774e-28
6.533328325481112015e-29
1.741427151246422149e-28
8.459608327795067481e-29
7.292527891892352177e-28
7.784616968806749159e-29
1.681592512826868589e-28
5.728655443684329380e-29
3.057128195144344926e-28
5.403154965583174587e-29
1.570685283243697103e-28
5.981339506919160794e-29
1.535905984732637038e-27
5.541206109613581210e-29
1.590196241567514190e-28
5.468824564772843970e-29
3.046286131121756521e-28
6.199685301177281919e-29
1.796024630822780399e-28
8.860936024154790547e-29
6.963100134840913666e-28
8.266364670517592387e-29
1.837898645918835965e-28
6.198263932034010486e-29
3.020434354405423920e-28
5.295216059732226703e-29
1.511008491538089539e-28
5.684691750296379311e-29
5.799043910554963380e-27
5.457673283814899326e-29
1.536192558693006402e-28
5.386152685281848255e-29
3.020420460828900728e-28
6.002679845000178463e-29
1.763477034068481817e-28
8.032979033265244809e-29
6.963100134840913666e-28
8.866045065886881728e-29
1.850205498475406066e-28
5.909174249314451335e-29
3.046207836448654070e-28
5.520057129270545372e-29
1.538214521473624201e-28
5.821334535022889471e-29
1.535905984732637038e-27
5.679767240927807361e-29
1.550668482380022502e-28
5.470368914129438306e-29
3.057053710626651794e-28
5.732432089437497948e-29
1.668216973611588299e-28
8.182733131516474781e-29
7.292527891892352177e-28
9.584683290730166354e-29
1.820387354033851974e-28
6.398323427719512861e-29
3.030983613742131684e-28
5.887955037632524938e-29
1.590646624912523073e-28
6.378159252331340013e-29
2.013366615143716108e-27
7.221564661075573609e-29
1.596520524127708311e-28
8.111678633729951000e-29
3.630442420269336474e-28
7.721392202225359268e-29
3.100463139268282783e-28
1.365490083197984995e-28
8.779654545439065472e-28
1.653319902629463028e-28
5.417434062885081179e-28
3.071897205558240030e-28
3.938420104864839824e-28
1.484283992522386550e-26
8.013950109300429950e-21
4.940946645070501844e-15
1.131503751521684637e-10
1.294301642976207235e-06
2.568479651747945357e-03
2.841428884002174193e+00
3.642864055988821903e+00
5.056122981319720111e+02
3.419556236928546696e+03
2.369445659877938397e+03
3.944918691047568700e+03
4.865549093838690169e+03
3.366284551862586341e+03
1.417430236882768440e+03
3.801965921298581907e+00
3.174450805960574758e-06
2.357163920953637176e-08
1.413708506123135482e-11
