2.032378405745070428e+06
1.041046841968025857e-11
1.823172918725671069e-08
2.759602631751704183e-06
5.097463945646846462e+00
1.319187804209715068e+03
3.711420913327005564e+03
4.077879869483418133e+03
4.423644861382855197e+03
2.544775711448542097e+03
3.920771028721723724e+03
5.687879409850812635e+02
8.255079713863915813e+00
6.505416394347735221e+00
5.976549054026510099e-03
3.041437848167263045e-06
2.143187662730799675e-10
7.374994104376614116e-15
1.081710379029448258e-20
1.778029293906920092e-26
4.579979491407347943e-28
2.742367555739838300e-28
6.410448750322920377e-28
1.651562511387810607e-28
9.399331204053548836e-28
1.547767658831504832e-28
3.210219602890616516e-28
7.790628112466082239e-29
3.534422966055067044e-28
7.449015937212664832e-29
1.693575412403401009e-28
8.011601890875458835e-29
2.045270499420600938e-27
6.393606276443462396e-29
1.690751434827179274e-28
6.584172410423177499e-29
3.003341894931837573e-28
6.931105443264094643e-29
1.860948915958978145e-28
8.659885925088847972e-29
7.664671914640282583e-28
8.310733472379061998e-29
1.739627833522147452e-28
5.849611602257103450e-29
3.087291171129861356e-28
5.506044920590295117e-29
1.589190254297147630e-28
6.021222725081889655e-29
1.539467343668834425e-27
5.635878981961271193e-29
1.641396612287117661e-28
5.560351844026401742e-29
3.086942986634762438e-28
6.206564883111446778e-29
1.879065879095570578e-28
9.379173630214941906e-29
7.218240065760917035e-28
8.555641691216413338e-29
1.910903746995782354e-28
6.285398114575266235e-29
3.044887381288862807e-28
5.375543071628949359e-29
1.525023115383688105e-28
5.700031237630068927e-29
5.919223367888045007e-27
5.531475481193969117e-29
1.544856630876678353e-28
5.462307410279089602e-29
3.045005701045579899e-28
6.177540160282042259e-29
1.820584741602321437e-28
8.310527429885261040e-29
7.218240065760917035e-28
9.183291919861378293e-29
1.962524311601751667e-28
6.079215977058418401e-29
3.086732746620972723e-28
5.533070693129767746e-29
1.587448332908870231e-28
5.906894792169858948e-29
1.539467343668834425e-27
5.741048742980615247e-29
1.565621735683181715e-28
5.602420093064071304e-29
3.087349939316642681e-28
5.878839195035236099e-29
1.730171207982997067e-28
8.780709878960994178e-29
7.664671914640282583e-28
9.822036817478579084e-29
1.960556221667756015e-28
6.654738938358392588e-29
3.003776384354229540e-28
6.124046870955952752e-29
1.649242494641129470e-28
6.518755943456173569e-29
2.045270499420600938e-27
7.654827663216661326e-29
1.660378947035161964e-28
7.474566130734883671e-29
3.535308383985656691e-28
7.708585719892714279e-29
3.168613809591888338e-28
1.489345759661968166e-28
9.399331204053548836e-28
1.668633933301363718e-28
6.430010697688483922e-28
2.678002673894267226e-28
4.581535973611616482e-28
1.775544949429678891e-26
1.081723094086518523e-20
7.374994130876413030e-15
2.143187662730799675e-10
3.041437848167404923e-06
5.976549054026518773e-03
6.505416394347736109e+00
8.255079713863915813e+00
5.687879409850813772e+02
3.920771028721723724e+03
2.544775711448542097e+03
4.423644861382855197e+03
4.077879869483418133e+03
3.711420913327005564e+03
1.319187804209715068e+03
5.097463945646845573e+00
2.759602631751154882e-06
1.823172918723716607e-08
1.041046842050075873e-11
