2.018386406132120639e+06
9.996165819168352669e-12
1.617813799234565309e-08
2.463697321495008743e-06
4.985033284949987653e+00
1.194245855481582112e+03
3.588025409403607682e+03
3.574133996494469102e+03
4.303570739385355409e+03
2.456456473289339101e+03
3.772749376665845375e+03
4.401975553665268990e+02
7.841163869311944090e+00
6.553554893430867168e+00
6.148938773298318235e-03
3.069960763108879637e-06
2.085961518813545999e-10
7.011588612034251652e-15
1.022040610847177577e-20
1.610533333096809070e-26
4.570436872578356448e-28
2.910946167791080225e-28
6.464727783869122069e-28
1.687923484452876970e-28
9.360511196966617893e-28
1.444075362111454505e-28
3.269334008566127814e-28
8.036605235113397769e-29
3.642779713607727163e-28
7.171757613031216763e-29
1.689336269585140663e-28
7.695694212973330370e-29
1.998563387873270656e-27
6.260095330055115791e-29
1.677244098005577799e-28
6.356353584724663320e-29
3.032812637268674085e-28
6.722225869076205047e-29
1.781657551243686752e-28
8.286707997223136380e-29
7.647519521444572543e-28
8.241268977731337423e-29
1.695124293398432327e-28
5.594099723103464528e-29
3.075295425408399713e-28
5.350360083921417357e-29
1.602334530948687234e-28
5.796001084330278787e-29
1.541928295656723693e-27
5.403131049570274482e-29
1.629846395745002888e-28
5.409747133056672799e-29
3.048667811967582228e-28
6.057176359048400758e-29
1.836352812588829288e-28
9.001057641379296634e-29
7.148704913546828990e-28
7.979556636301492331e-29
1.885733342555657195e-28
6.057900102902678482e-29
3.004683296446918379e-28
5.178351629568678048e-29
1.515015731142857013e-28
5.474234282182939706e-29
5.879671951323890912e-27
5.326698107138854801e-29
1.536514456440953766e-28
5.278114559426694153e-29
3.004449964004164276e-28
5.999559755450890236e-29
1.796570090211532865e-28
7.795109983829885838e-29
7.148704913546828990e-28
8.850399155343470168e-29
1.911580306314444903e-28
5.926443076155121189e-29
3.048575719571923391e-28
5.334313582171263808e-29
1.570621974085797616e-28
5.655118636583299040e-29
1.541928295656723693e-27
5.549108515225179858e-29
1.581714554980427280e-28
5.427943318194889035e-29
3.074965820382503344e-28
5.638166524184603993e-29
1.688630818145704613e-28
8.487950317661855433e-29
7.647519521444572543e-28
9.233811680140534012e-29
1.867888874164194867e-28
6.487925423945744758e-29
3.032978964323809193e-28
5.975026994296281023e-29
1.644475491848749486e-28
6.330694154914726818e-29
1.998563387873270656e-27
7.459250682398044947e-29
1.653641066588973758e-28
7.163415863169155778e-29
3.643803776086143567e-28
7.953689061983219809e-29
3.227073974101334417e-28
1.399136655609420578e-28
9.360511196966617893e-28
1.690945778015638087e-28
6.419529907548567870e-28
2.853485350043979487e-28
4.570964321195181818e-28
1.610334339458019368e-26
1.022053173783726125e-20
7.011588637216905291e-15
2.085961518813545999e-10
3.069960763108722936e-06
6.148938773298326908e-03
6.553554893430868944e+00
7.841163869311944090e+00
4.401975553665268990e+02
3.772749376665845375e+03
2.456456473289339101e+03
4.303570739385355409e+03
3.574133996494469102e+03
3.588025409403607682e+03
1.194245855481582339e+03
4.985033284949987653e+00
2.463697321494481465e-06
1.617813799230492603e-08
9.996165819659804582e-12
