1.985854469689507037e+06
8.118797443957809780e-12
1.148851629621447659e-08
1.791202263753342582e-06
4.823466289685200081e+00
1.098754677544550304e+03
3.538601420121548017e+03
3.108365585995918991e+03
3.911890898670821116e+03
2.580494625568038373e+03
3.416784998216183794e+03
3.836441563138707807e+02
6.899028193258718744e+00
6.101375812253475139e+00
5.788609816704879188e-03
2.845899754407065288e-06
1.967241245856425258e-10
6.722597637657833763e-15
9.736738583853963545e-21
1.441037947384415433e-26
4.506283720077213788e-28
2.972467639137027814e-28
5.453695965725811470e-28
1.578980512964583014e-28
9.553618943686268681e-28
1.401904508318945595e-28
3.235564988592666595e-28
8.260495423843842259e-29
3.643570761375490204e-28
6.835656844038469888e-29
1.633367077321977643e-28
7.431073154448009070e-29
2.055950399594698295e-27
6.179339367377819880e-29
1.662514153672267635e-28
6.219598905071236575e-29
3.019414339819632016e-28
6.403685280239365138e-29
1.772228051773058054e-28
7.814223503250307940e-29
7.643522740140218966e-28
7.863467493031602691e-29
1.683488395724353368e-28
5.504939895926342465e-29
3.040335213194620878e-28
5.160644887874270774e-29
1.579644706461443422e-28
5.679447391612384261e-29
1.523400234683370180e-27
5.286020344396290890e-29
1.574516812174849815e-28
5.276286880806094266e-29
3.077318249788761777e-28
5.800661379299797237e-29
1.810093902967011394e-28
8.618210867056852863e-29
7.175980184406815214e-28
7.705483138684577841e-29
1.857133293554209286e-28
5.836391841153409488e-29
3.024396490189945680e-28
5.109785516197982280e-29
1.495097408244542049e-28
5.253093525605262019e-29
5.899372323763408640e-27
5.133440589937191149e-29
1.512256553053143927e-28
5.150099315467176036e-29
3.024748369315349841e-28
5.769793275326921619e-29
1.774350598051409722e-28
7.614225318709732690e-29
7.175980184406815214e-28
8.388535373391500825e-29
1.886508345072146141e-28
5.736158882040465586e-29
3.077305644293775066e-28
5.222632092598143973e-29
1.532804726249451422e-28
5.538634248329547570e-29
1.523400234683370180e-27
5.453821564915663410e-29
1.555694523146964234e-28
5.248261711345059640e-29
3.040963693015042012e-28
5.539994730298197168e-29
1.674171707781503605e-28
8.204411161462445071e-29
7.643522740140218966e-28
8.731210810667876879e-29
1.850464169762798296e-28
6.224185988331286788e-29
3.019755757173759343e-28
5.836378022443741647e-29
1.628290126874215478e-28
6.266565841766399664e-29
2.055950399594698295e-27
7.082411973639637937e-29
1.604854267459291482e-28
6.851260895292874976e-29
3.642908501668952096e-28
8.187677937076208533e-29
3.198056476107492595e-28
1.343890057782480558e-28
9.553618943686268681e-28
1.584359596640190810e-28
5.443346593734746026e-28
2.899611867665085585e-28
4.506134088828884030e-28
1.442247020223126517e-26
9.736823352484216072e-21
6.722597687575352036e-15
1.967241245856425258e-10
2.845899754406261030e-06
5.788609816704886127e-03
6.101375812253476916e+00
6.899028193258718744e+00
3.836441563138707807e+02
3.416784998216184249e+03
2.580494625568038373e+03
3.911890898670821116e+03
3.108365585995918991e+03
3.538601420121548017e+03
1.098754677544550304e+03
4.823466289685200081e+00
1.791202263752911866e-06
1.148851629618584456e-08
8.118797443841456810e-12
