1.974969130335545400e+06
7.360087009805487312e-12
9.946794179520095188e-09
1.634138731741929654e-06
4.751866989207783831e+00
1.152857920526153976e+03
3.464955707241402706e+03
2.987969836758860765e+03
3.885718849443642739e+03
2.585869423545256723e+03
3.268564552995825579e+03
4.008745130358742017e+02
7.093789551837499374e+00
6.063595724311913848e+00
5.533891744616849066e-03
2.663437314790902433e-06
1.804378698198213452e-10
5.931133049346485580e-15
8.271419820189377889e-21
1.173900932513586661e-26
4.237502606422353468e-28
2.662152755569339703e-28
4.439324122183048849e-28
1.470599520538269946e-28
9.248985332159000902e-28
1.303506518194814060e-28
2.972143609890531777e-28
7.716596410911084182e-29
3.497669996036702637e-28
6.684677375130185571e-29
1.628866523403443656e-28
7.085011776647265462e-29
1.994152765987456685e-27
5.868757062620880078e-29
1.650656357613018970e-28
6.002428489446591655e-29
2.989026737468759417e-28
6.469628580398476887e-29
1.721403601498587617e-28
7.699755911979176514e-29
7.430411218548967336e-28
7.492933144808163970e-29
1.682138013233538477e-28
5.490547154617142925e-29
3.074543410837745141e-28
5.155925836477676231e-29
1.565932080515662739e-28
5.629954271626362491e-29
1.539473441996901998e-27
5.219861746648267568e-29
1.568323423089069604e-28
5.233780850512276669e-29
3.029199591304645541e-28
5.760234577347107234e-29
1.754244917984117270e-28
8.471501196164082795e-29
7.092860820907732964e-28
7.453296237760381030e-29
1.827591477294620210e-28
5.869350927822369964e-29
3.025251444752484077e-28
5.020048514265445068e-29
1.506377436218461038e-28
5.263648847742651165e-29
6.080298449608429132e-27
5.111865064425735254e-29
1.523696507786596270e-28
5.090935248296507708e-29
3.025410845861553034e-28
5.781690680606763199e-29
1.747289516022323181e-28
7.314600954399712408e-29
7.092860820907732964e-28
8.173494002281218295e-29
1.824984335059521677e-28
5.696217119705399558e-29
3.029075815139261979e-28
5.216446365914178086e-29
1.521765363474857415e-28
5.448447016270067153e-29
1.539473441996901998e-27
5.376454884086766454e-29
1.539051991340573784e-28
5.245181400527818378e-29
3.074863584160214224e-28
5.499087841207218152e-29
1.668095580068839854e-28
7.858448980218470371e-29
7.430411218548967336e-28
8.531987053342219897e-29
1.801622785862441172e-28
6.191046933141586501e-29
2.989181829306250475e-28
5.645561258902443855e-29
1.614156232576091844e-28
6.051280463553400067e-29
1.994152765987456685e-27
6.787262244459859847e-29
1.601972643428170352e-28
6.694788106029471011e-29
3.496808807544591377e-28
7.678254707911364988e-29
2.954201393480535133e-28
1.251966611804029121e-28
9.248985332159000902e-28
1.501526506862096398e-28
4.432253711697831113e-28
2.608217883179709842e-28
4.237284990706207814e-28
1.173088191895967738e-26
8.271502086098653617e-21
5.931133111459765049e-15
1.804378698198213452e-10
2.663437314790130362e-06
5.533891744616856873e-03
6.063595724311917401e+00
7.093789551837499374e+00
4.008745130358742017e+02
3.268564552995826034e+03
2.585869423545256723e+03
3.885718849443642739e+03
2.987969836758860765e+03
3.464955707241402706e+03
1.152857920526153976e+03
4.751866989207783831e+00
1.634138731741550395e-06
9.946794179500249471e-09
7.360087009595966664e-12
