1.973115483127922751e+06
7.227392238610653594e-12
9.700178429047540540e-09
1.619740725024246060e-06
4.710644747088173823e+00
1.163197571269359059e+03
3.423779542678917551e+03
2.976999224053057787e+03
3.899593799243326430e+03
2.606464690916350264e+03
3.268306018303570454e+03
4.084748572220113374e+02
7.190371355244205454e+00
6.106507861882893629e+00
5.539575256734362643e-03
2.639940841518980204e-06
1.770211457025545651e-10
5.757788024363190839e-15
7.929713193036224194e-21
1.112384869665736578e-26
4.228431076113319243e-28
2.597332842945893610e-28
4.366755702252385260e-28
1.435206528516382011e-28
9.186831059100415934e-28
1.281529822267412627e-28
2.950174366048389179e-28
7.691560849703389128e-29
3.464745206387051426e-28
6.609736434973261286e-29
1.624289816870969804e-28
7.019829528240813005e-29
1.995965970155741083e-27
5.874823104258066637e-29
1.647966939727327788e-28
5.985348422252189244e-29
2.986611911460636680e-28
6.417358782896413860e-29
1.723573487390809433e-28
7.703448412775840505e-29
7.480644687783061446e-28
7.554280013676332629e-29
1.664523047796399721e-28
5.437439983158029108e-29
3.059124678824955904e-28
5.154895537089462787e-29
1.548566556446520803e-28
5.537573399854671996e-29
1.539979644919878213e-27
5.273485376841657622e-29
1.599994149258197407e-28
5.235975139926459529e-29
3.026974220357283660e-28
5.680635784013101937e-29
1.761322803882731550e-28
8.598628589912127729e-29
7.062158555509539311e-28
7.561158032622829825e-29
1.837475778043854534e-28
5.854486713125135715e-29
2.996665629930147407e-28
5.076735562852257859e-29
1.508268058545135038e-28
5.261518711053566220e-29
5.868689964355137210e-27
5.153304307948168750e-29
1.528980841085915553e-28
5.148199721638374691e-29
2.996928983946847574e-28
5.801765008999485329e-29
1.757475930902236149e-28
7.534217989582596126e-29
7.062158555509539311e-28
8.262146686844987456e-29
1.838464351970903509e-28
5.646910039908891203e-29
3.026921985112334233e-28
5.199260623353663681e-29
1.551377133294969563e-28
5.539642012111809240e-29
1.539979644919878213e-27
5.316792474926262636e-29
1.522727492351702693e-28
5.241626281478044481e-29
3.059008703790027008e-28
5.455238558111869791e-29
1.660635831732672990e-28
7.927509344378294532e-29
7.480644687783061446e-28
8.535315148320203648e-29
1.805222699318135228e-28
6.124810860650457337e-29
2.987218445135919030e-28
5.640744919319580856e-29
1.610948005936453627e-28
6.014164728160461852e-29
1.995965970155741083e-27
6.727450191917159998e-29
1.595361426305145272e-28
6.605331530313957683e-29
3.464167387120863450e-28
7.620304609438563705e-29
2.926592520904884709e-28
1.228403249275628570e-28
9.186831059100415934e-28
1.457165422322957851e-28
4.363517364974475895e-28
2.549999111561530226e-28
4.228290232724518633e-28
1.111383632081814584e-26
7.929788048527769303e-21
5.757788078973390990e-15
1.770211457025545651e-10
2.639940841518255991e-06
5.539575256734373052e-03
6.106507861882897181e+00
7.190371355244205454e+00
4.084748572220113942e+02
3.268306018303570454e+03
2.606464690916350264e+03
3.899593799243326430e+03
2.976999224053058242e+03
3.423779542678917551e+03
1.163197571269359059e+03
4.710644747088173823e+00
1.619740725023897506e-06
9.700178429029326023e-09
7.227392238415919607e-12
