1.955485937222279375e+06
6.145877889632786712e-12
6.917287991077435985e-09
1.368619980224260406e-06
3.561404493796898052e+00
1.265576664202630582e+03
3.215439835994465739e+03
3.008789974819107101e+03
3.715902231511115588e+03
2.953531117667349008e+03
3.929621323736750583e+03
5.453257499439009734e+02
7.404817219793247141e+00
6.416388010059322689e+00
5.782884809039301119e-03
2.520747858400443748e-06
1.585329336805555603e-10
4.782584749030635528e-15
5.554607754667695820e-21
6.726533957509178363e-27
3.706134881179691198e-28
2.351485242888209314e-28
3.685381020950844889e-28
1.294096126850369552e-28
8.770264117279721358e-28
1.254027516767504882e-28
2.875819483926622443e-28
7.357516788753531873e-29
3.376132350137196794e-28
6.522656031661284567e-29
1.620505333426596795e-28
6.950291039726171205e-29
2.058259419867395945e-27
5.869569592463408341e-29
1.629757169349522341e-28
6.095272991715649174e-29
3.004870337282097503e-28
6.402666183485335034e-29
1.686994037621191017e-28
7.436403585599368417e-29
7.217511314028914339e-28
7.258188183833823802e-29
1.682362742822746564e-28
5.436054186537686293e-29
3.050667780006408514e-28
5.225576981333069618e-29
1.551010547023116699e-28
5.647566512986752279e-29
1.541716950326036065e-27
5.306894302652269785e-29
1.589912320796576805e-28
5.187610229875291541e-29
2.994189591027228673e-28
5.889278894264243920e-29
1.780386678393415929e-28
8.600546679653700284e-29
6.836142935377931237e-28
7.208266942526591472e-29
1.819437726426793787e-28
5.942469511139972003e-29
2.993751766777891779e-28
5.173079726736674416e-29
1.499322190449987937e-28
5.429990161695939734e-29
6.035901855108122508e-27
5.281774085524310937e-29
1.521372306079391655e-28
5.221524404724851398e-29
2.993952887643936898e-28
5.836150806407210551e-29
1.741583721587274035e-28
7.246330145729996270e-29
6.836142935377931237e-28
8.370353822368090830e-29
1.840593292317015720e-28
5.814729173049829451e-29
2.995667373546731717e-28
5.124291844631845121e-29
1.528647411959303680e-28
5.541595983138020558e-29
1.541716950326036065e-27
5.419470693379451276e-29
1.536739246374900023e-28
5.279189409190938998e-29
3.050919494652824001e-28
5.417479446426924511e-29
1.664878084088133670e-28
7.601300695927135446e-29
7.217511314028914339e-28
8.184776993944989197e-29
1.769977516955585592e-28
6.135929945876858791e-29
3.005052572564308959e-28
5.680763857207200320e-29
1.593015268148025823e-28
5.984724100935970745e-29
2.058259419867395945e-27
6.617272021473393023e-29
1.588800829654640966e-28
6.549851502388162357e-29
3.376311316702127681e-28
7.238740995944741501e-29
2.846924851338964471e-28
1.198623234026376582e-28
8.770264117279721358e-28
1.305101010360823737e-28
3.700243286473157491e-28
2.311439688062234619e-28
3.706285080782557416e-28
6.682331600866577652e-27
5.554644517136421995e-21
4.782584801998088064e-15
1.585329336805555603e-10
2.520747858400574191e-06
5.782884809039316731e-03
6.416388010059323577e+00
7.404817219793248917e+00
5.453257499439009734e+02
3.929621323736750583e+03
2.953531117667349008e+03
3.715902231511115588e+03
3.008789974819107101e+03
3.215439835994465739e+03
1.265576664202630582e+03
3.561404493796897164e+00
1.368619980224082741e-06
6.917287991085745014e-09
6.145877889488288599e-12
