2.224304234364322387e+06
3.180845005955549336e-11
5.613753804720995815e-08
5.644021664940860804e-06
5.091079101940586327e+00
1.078216690857495450e+03
4.474056764957736959e+03
5.123394545561624000e+03
4.664932063554892011e+03
1.801758580457277503e+03
2.617405768095084568e+03
4.206975306480665040e+02
3.065770378492953530e+00
2.869121411555064061e+00
3.350008511113475133e-03
2.722869603160179190e-06
3.464540408464123379e-10
1.997990826313032747e-14
4.428539094992215666e-20
1.266748295109682591e-25
6.235511655738450235e-28
2.811387017306352033e-28
6.590586822193426781e-28
1.926241507950000913e-28
1.029907921290760583e-27
2.288835846894185062e-28
2.910567540249325417e-28
9.410452564978621263e-29
3.506912615770766093e-28
7.248006426244023133e-29
1.716613113595178944e-28
1.037578401299457414e-28
2.004439678829196671e-27
6.792199283612507955e-29
1.665047861927911171e-28
6.900361338216401005e-29
2.994664759679939803e-28
6.739475092450363665e-29
1.841118121936806011e-28
9.701647060831583811e-29
7.590346336222936588e-28
8.332233358163675440e-29
1.701797998883012107e-28
5.691736530617425553e-29
3.115495337070814421e-28
5.365578901189852726e-29
1.617198966505523535e-28
6.009060769788596564e-29
1.553266182184405451e-27
5.660593677965219761e-29
1.595120627088889538e-28
5.418245171427845114e-29
3.050428132839456347e-28
6.146123470519282091e-29
1.820377908967558007e-28
9.548388975654637846e-29
7.261493176304134000e-28
8.956094378900726278e-29
1.965993971478295086e-28
6.070906036673036775e-29
3.034672530907011017e-28
5.265485803927951609e-29
1.518264712352668288e-28
5.733340996989112435e-29
5.799814671976941177e-27
5.500922347516409586e-29
1.538563626638326633e-28
5.353671782823650280e-29
3.035018583762357684e-28
5.969307402472370616e-29
1.857687898321275094e-28
8.509848756968066468e-29
7.261493176304134000e-28
9.564068679200542868e-29
1.880466355308229509e-28
5.865325182859197597e-29
3.050502590766766301e-28
5.411610989940615121e-29
1.551661623585922397e-28
5.922947098147696266e-29
1.553266182184405451e-27
5.684584619082841101e-29
1.583157752773016543e-28
5.438163133981907746e-29
3.115146933032643448e-28
5.668173520217881912e-29
1.680612238708059529e-28
8.839761766575825743e-29
7.590346336222936588e-28
1.122016820411649318e-28
1.943998405893875747e-28
6.740192916001624622e-29
2.994679221247276183e-28
6.219337831278453246e-29
1.615851187749857764e-28
6.945152418668091022e-29
2.004439678829196671e-27
1.006642774591132053e-28
1.686406984140682994e-28
7.329222647196856460e-29
3.507293437151955165e-28
9.298525807299777527e-29
2.866750482468461046e-28
2.169058673609272690e-28
1.029907921290760583e-27
1.891816360565508868e-28
6.582160608623713367e-28
2.727906279065443174e-28
6.236231769976977928e-28
1.267076062314621820e-25
4.428536230901282228e-20
1.997990830262574994e-14
3.464540408464123379e-10
2.722869603160103804e-06
3.350008511113483373e-03
2.869121411555064949e+00
3.065770378492953530e+00
4.206975306480666177e+02
2.617405768095085023e+03
1.801758580457277048e+03
4.664932063554892011e+03
5.123394545561624000e+03
4.474056764957736959e+03
1.078216690857495450e+03
5.091079101940586327e+00
5.644021664941441869e-06
5.613753804723556104e-08
3.180845006041208412e-11
