2.181580976874482352e+06
2.738975144397852149e-11
4.725226826384909342e-08
5.325810963461530427e-06
4.372822445370435851e+00
1.040476106353928344e+03
3.928499689831983233e+03
4.194915991146109263e+03
3.876440994149867493e+03
2.199740563790090164e+03
2.984625759016037136e+03
5.112444623402136585e+02
3.992970999582153180e+00
3.421971766617904809e+00
3.755616043403177135e-03
2.738456818631306755e-06
3.180640925984317709e-10
1.742682153824854179e-14
3.731168400270535905e-20
1.030647596812285787e-25
5.915940847419838983e-28
2.357125447810823630e-28
6.168753951631837142e-28
2.014690072842316900e-28
9.965222748864337847e-28
2.032799945664458298e-28
3.007692483905277019e-28
8.924263295250081193e-29
3.518803950871589219e-28
7.244329188192489176e-29
1.676207548193919349e-28
8.234557263319297863e-29
1.974155563183006212e-27
6.156664441418066839e-29
1.660943764570038553e-28
6.531975229064831127e-29
3.012063559491165636e-28
6.641051606633485169e-29
1.818005184573402720e-28
8.388197000190406084e-29
7.564189758752272789e-28
8.039348747362989825e-29
1.690191876761032803e-28
5.543596333122927756e-29
3.060709202913271493e-28
5.200669917179064448e-29
1.593453814177675514e-28
5.809707301062349677e-29
1.539088817855429400e-27
5.550644710183002714e-29
1.598702257853720337e-28
5.329377916029937851e-29
3.080049968647407090e-28
6.070102292776066866e-29
1.811630730175483475e-28
9.017208920045899548e-29
7.083281734284591094e-28
8.479097882351101443e-29
1.889272674113483820e-28
5.981455707440515826e-29
3.028295107141133416e-28
5.112439235502201958e-29
1.508669533779736836e-28
5.495234541769556897e-29
5.761671939874185165e-27
5.273818613053641455e-29
1.528855735491437983e-28
5.259189918558521173e-29
3.028315537205224280e-28
5.853455697349689119e-29
1.795681167273088361e-28
8.248603635978874477e-29
7.083281734284591094e-28
9.020460712644857322e-29
1.845020177544017675e-28
5.780007751389159167e-29
3.080157663952011451e-28
5.257754899785890266e-29
1.548348823096842205e-28
5.820909008544047846e-29
1.539088817855429400e-27
5.546214846376695508e-29
1.567006456462066255e-28
5.311512995854082010e-29
3.060835705039169326e-28
5.534789291095944691e-29
1.683376570844055004e-28
8.360307504267362661e-29
7.564189758752272789e-28
9.425202554451364232e-29
1.910509438442570895e-28
6.514530153125648682e-29
3.011978068622401052e-28
6.025805908983531625e-29
1.617001540471076708e-28
6.279309011479004134e-29
1.974155563183006212e-27
7.902256890890568464e-29
1.645637652592516589e-28
7.317497284279554531e-29
3.519170860317216136e-28
8.799028796409440806e-29
2.985640119278411400e-28
1.955962152867504873e-28
9.965222748864337847e-28
2.004406318988064052e-28
6.183557115158343486e-28
2.311908861031215916e-28
5.916839053716549633e-28
1.030820576075182459e-25
3.731160482470414500e-20
1.742682157752885451e-14
3.180640925984317709e-10
2.738456818631081021e-06
3.755616043403190146e-03
3.421971766617904809e+00
3.992970999582153180e+00
5.112444623402136585e+02
2.984625759016037591e+03
2.199740563790090619e+03
3.876440994149867493e+03
4.194915991146110173e+03
3.928499689831983687e+03
1.040476106353928344e+03
4.372822445370435851e+00
5.325810963461390667e-06
4.725226826386119673e-08
2.738975144553304912e-11
