2.159292323809542228e+06
2.335929217447626216e-11
4.059981412140389546e-08
4.670917313504625860e-06
4.150916698774421043e+00
1.021691434779040947e+03
3.523406186547440939e+03
3.799100533393667774e+03
3.365125896223536529e+03
2.472638740551992669e+03
3.268591632845536878e+03
5.548762005609067955e+02
4.337615897754376171e+00
3.279490461810420587e+00
3.266777476646606955e-03
2.173601729305341461e-06
2.346164510799479495e-10
1.234775510937347029e-14
2.554715523535700461e-20
6.595394439448376889e-26
4.809111040340260758e-28
2.267492655797555197e-28
5.012399920355658987e-28
2.046674589551655712e-28
9.677445174724176212e-28
1.761598851859390671e-28
3.076635892512729915e-28
8.829514642344277333e-29
3.494226762149354809e-28
7.386745366660806147e-29
1.652600528535907310e-28
7.797743629066563616e-29
1.998253587216646176e-27
6.115312864683376106e-29
1.632367455152323249e-28
6.433328307015885448e-29
2.999436925477942468e-28
6.584967078938932643e-29
1.823595743227128320e-28
8.346153330400518166e-29
7.526039828564552576e-28
8.274135773267056503e-29
1.672076519923107571e-28
5.558754296452561142e-29
3.068652165043024055e-28
5.209388105735260557e-29
1.557294537360665757e-28
5.841997960821646517e-29
1.532366431330233385e-27
5.411603015745014621e-29
1.597504042748802200e-28
5.238017897452851588e-29
3.012466484970499037e-28
6.189744983110837616e-29
1.829984069740855846e-28
9.062412953681424506e-29
7.077861920018593213e-28
8.239701583768687327e-29
1.869706508478922645e-28
5.952867185785729047e-29
3.030025780332829405e-28
5.092763686188510826e-29
1.491528486743896004e-28
5.446756096937888980e-29
5.695458923215085007e-27
5.249262326690980694e-29
1.512947594605916361e-28
5.209910488319512386e-29
3.029744618463646974e-28
5.828924747794271562e-29
1.791967627598304911e-28
8.136620862665051767e-29
7.077861920018593213e-28
9.188066853146286690e-29
1.895460973179586684e-28
5.790081284933050643e-29
3.012333100829580464e-28
5.197417920625902027e-29
1.543247387683008772e-28
5.653283007569739339e-29
1.532366431330233385e-27
5.590083205040216051e-29
1.535844758514987640e-28
5.288596887231069609e-29
3.068288328184550168e-28
5.565639286039535422e-29
1.666931568866654540e-28
8.614412306577329895e-29
7.526039828564552576e-28
9.273514463906165232e-29
1.911191912306941930e-28
6.438700566231507708e-29
2.999383097806586935e-28
6.007709233948223126e-29
1.595755534254528017e-28
6.231794801840827277e-29
1.998253587216646176e-27
7.463709141438180572e-29
1.628310272019713558e-28
7.480895288702713594e-29
3.494846934324826832e-28
8.762212050674942989e-29
3.049940766749444874e-28
1.706376449397620805e-28
9.677445174724176212e-28
2.044005928902062654e-28
5.020012268745540838e-28
2.217055019069398154e-28
4.810103480276792488e-28
6.596932191016602705e-26
2.554710116524082596e-20
1.234775512482257275e-14
2.346164510799479495e-10
2.173601729305197466e-06
3.266777476646624736e-03
3.279490461810420587e+00
4.337615897754376171e+00
5.548762005609067955e+02
3.268591632845537788e+03
2.472638740551992669e+03
3.365125896223536529e+03
3.799100533393667774e+03
3.523406186547440939e+03
1.021691434779040947e+03
4.150916698774421043e+00
4.670917313503977880e-06
4.059981412143994730e-08
2.335929217632725003e-11
