2.152369871524852235e+06
2.145148780268558752e-11
3.724475269898136933e-08
4.275431372904845967e-06
3.917732223092146082e+00
1.037337270608464905e+03
3.324219572872298613e+03
3.803094783617808389e+03
3.170437447814056668e+03
2.369701249859625477e+03
3.267743961131908691e+03
5.471592376563854714e+02
4.292623897282496159e+00
3.184142329371669966e+00
3.090553030611261145e-03
2.010016556258780579e-06
2.111590514164747101e-10
1.082770330422350903e-14
2.178212668326555898e-20
5.405228769399194484e-26
4.566443978220417814e-28
2.281470614089539937e-28
4.462470238427988070e-28
2.072872873350693296e-28
9.432254382791321983e-28
1.625813388708886624e-28
3.009144093937270163e-28
8.449112551356686523e-29
3.444866236421802027e-28
7.185855897838897346e-29
1.638719555680663604e-28
7.665800335078012308e-29
1.994347664282684881e-27
6.138434043808104356e-29
1.624576661999215629e-28
6.286293989514394564e-29
3.036909063143340335e-28
6.554411797307419172e-29
1.779367972848512574e-28
7.941786349870636927e-29
7.373121942153240456e-28
7.804494394794654371e-29
1.649695707131807627e-28
5.547921440736368863e-29
3.077171975429402031e-28
5.089293168233398972e-29
1.562681434892568430e-28
5.703054135977756957e-29
1.528499714286516583e-27
5.387015491408078861e-29
1.579121305239959842e-28
5.239780335373593792e-29
3.018497660004791706e-28
6.008871099264904661e-29
1.812057755669830519e-28
8.705513341027589511e-29
6.937349449535425423e-28
7.891431987154692146e-29
1.834003236630243725e-28
5.802609802579750589e-29
3.003086736771982228e-28
4.981047883481051745e-29
1.507500959392629939e-28
5.409973818544136154e-29
5.797885179234882174e-27
5.198147131404936733e-29
1.525719428888706455e-28
5.117920901981214042e-29
3.002917481427535321e-28
5.718979939254873500e-29
1.754102568568200928e-28
7.740978336980626523e-29
6.937349449535425423e-28
8.794364217208462848e-29
1.848667373537656000e-28
5.685643396754720458e-29
3.018832449436409082e-28
5.137266698946811688e-29
1.528531174387236546e-28
5.643667018076834209e-29
1.528499714286516583e-27
5.461964162495672286e-29
1.535272471334040391e-28
5.173813715963656773e-29
3.077155347583186631e-28
5.507045102329811366e-29
1.645156390085441168e-28
8.065755642736821399e-29
7.373121942153240456e-28
8.870980445881239582e-29
1.867475539563786207e-28
6.441354227526457360e-29
3.037134058331736130e-28
5.844140652968282649e-29
1.591044040661212671e-28
6.238506278932938607e-29
1.994347664282684881e-27
7.365471085726685840e-29
1.611157085438645653e-28
7.286857830264305036e-29
3.445485639531204853e-28
8.341671283663644511e-29
2.978362676122313491e-28
1.568134251415115499e-28
9.432254382791321983e-28
2.069757036242505165e-28
4.493942055353997518e-28
2.233988596914577148e-28
4.567108493741979686e-28
5.407128016567794837e-26
2.178208811383382073e-20
1.082770331072262006e-14
2.111590514164747101e-10
2.010016556258667076e-06
3.090553030611272855e-03
3.184142329371669966e+00
4.292623897282496159e+00
5.471592376563854714e+02
3.267743961131909145e+03
2.369701249859625477e+03
3.170437447814056668e+03
3.803094783617808389e+03
3.324219572872298613e+03
1.037337270608464905e+03
3.917732223092146082e+00
4.275431372904082790e-06
3.724475269902317835e-08
2.145148780434706056e-11
