2.146691613917745650e+06
2.011739754857215953e-11
3.456443391307622532e-08
3.931884408888341662e-06
3.707372159463971251e+00
1.077553787769420069e+03
3.092595807078148937e+03
3.865150441595373650e+03
3.163352542856640412e+03
2.280462566202405469e+03
3.150543426976923456e+03
5.265476443800394009e+02
4.125736947693947165e+00
3.082491029752543632e+00
2.945800103500950586e-03
1.892691323211962661e-06
1.945271180789877639e-10
9.659070210470920131e-15
1.872367884432913653e-20
4.449879062557729224e-26
4.359106834585762215e-28
2.336760479420264923e-28
4.022234437382430978e-28
1.963771742609559781e-28
9.070320563945791333e-28
1.513978527036171195e-28
2.934117641187466442e-28
7.940690562839455784e-29
3.394856221612746070e-28
7.074751574581979720e-29
1.627860106037231660e-28
7.476091997942591020e-29
1.970058437709703364e-27
5.953303317579071130e-29
1.600800159213781507e-28
6.160564394585310349e-29
2.995697157793351591e-28
6.383917563846852110e-29
1.752601178040156775e-28
7.739934919103224912e-29
7.229306608797662772e-28
7.594794310665917344e-29
1.635716049998073307e-28
5.401352677374693633e-29
3.016001567669102058e-28
5.131657208365357152e-29
1.558883868465812429e-28
5.645701146286779135e-29
1.529415831382638829e-27
5.352855669901737734e-29
1.585110215673890318e-28
5.260034273314655765e-29
3.000385684297215650e-28
6.012836370131548233e-29
1.802743046936155475e-28
8.646936650739390252e-29
6.982190797621346285e-28
7.938339434085345599e-29
1.827833855958923595e-28
5.809211497466947694e-29
3.020641090846624270e-28
5.000030234322674281e-29
1.486876399373838044e-28
5.399724846293888902e-29
5.714144093467144187e-27
5.182419400142351617e-29
1.505438345203178962e-28
5.117190576254242455e-29
3.020739302711231122e-28
5.735836334780055026e-29
1.743334537464256595e-28
7.837047354130330856e-29
6.982190797621346285e-28
8.673254228574458312e-29
1.867127681134572544e-28
5.689370510332953105e-29
2.999957248502581329e-28
5.210245108970156235e-29
1.535072166164605769e-28
5.566233360072430202e-29
1.529415831382638829e-27
5.412207379489987728e-29
1.540269732630082994e-28
5.191169322102532658e-29
3.016370698002070590e-28
5.361902031563534019e-29
1.646764357541801448e-28
7.847524644933467116e-29
7.229306608797662772e-28
8.629525766333799485e-29
1.832601912674685321e-28
6.252745205826057513e-29
2.995725395482142882e-28
5.767025062770875844e-29
1.565149758405634796e-28
6.134483121444080377e-29
1.970058437709703364e-27
7.135435031808197966e-29
1.600164275735272710e-28
7.220782373191243202e-29
3.394938464383714586e-28
7.849926471056889852e-29
2.907836642869077661e-28
1.447576115410193999e-28
9.070320563945791333e-28
1.952600353982840707e-28
4.043837537284493134e-28
2.272475457734792775e-28
4.359777135904875306e-28
4.451027709745766895e-26
1.872365701515358199e-20
9.659070205689451169e-15
1.945271180789877639e-10
1.892691323211939579e-06
2.945800103500960995e-03
3.082491029752543632e+00
4.125736947693948053e+00
5.265476443800394009e+02
3.150543426976923911e+03
2.280462566202405924e+03
3.163352542856640412e+03
3.865150441595373650e+03
3.092595807078148937e+03
1.077553787769420069e+03
3.707372159463971251e+00
3.931884408887423478e-06
3.456443391312234230e-08
2.011739755027703047e-11
