2.138625484272241127e+06
1.908399880366679309e-11
3.153501927261027513e-08
3.615896326924076933e-06
3.509870227505673679e+00
1.162282212148269309e+03
2.897533214496015717e+03
4.143234369064431121e+03
3.270697997574898181e+03
2.266017008343477755e+03
3.176444581658017796e+03
5.259409758289106094e+02
4.062024692873769105e+00
3.012025684774368273e+00
2.789155649244320825e-03
1.754033351359055384e-06
1.758066920852751495e-10
8.333581175391004237e-15
1.518393634431730077e-20
3.372479229914282135e-26
4.191410092202780784e-28
2.513528076614678777e-28
3.757934792102707062e-28
1.831522568071562330e-28
8.799075180035436549e-28
1.405985303533392789e-28
2.857073055211908211e-28
7.580626561316644802e-29
3.461349952369597385e-28
7.063467467594969456e-29
1.623859222206657075e-28
7.324487002679495962e-29
2.002999360124690403e-27
6.094829909293229673e-29
1.610363307642363251e-28
6.286563730871614831e-29
2.974384009141476628e-28
6.307749718418758781e-29
1.705134257853471857e-28
7.906590450458562974e-29
7.253657586566323201e-28
7.681172227053639522e-29
1.647547512910221188e-28
5.533204754893782115e-29
3.017950020561325274e-28
5.147555727494203838e-29
1.531160481101442824e-28
5.574412229089012116e-29
1.524794166097643646e-27
5.316257404336422605e-29
1.579134888415035757e-28
5.158398486629093962e-29
3.017866638234494666e-28
6.118805421394195432e-29
1.756394285314546803e-28
8.528215362108074859e-29
6.901504655117230398e-28
8.092786945764259880e-29
1.794802462331051888e-28
5.911024434212988654e-29
2.979061049270013783e-28
5.029327960300697289e-29
1.493243344294923033e-28
5.519899022661504463e-29
5.912329949120165581e-27
5.281487807527973144e-29
1.513442687513250573e-28
5.160083078010182667e-29
2.979024138232586467e-28
5.762823451897342176e-29
1.722277690937427956e-28
7.821456554028634759e-29
6.901504655117230398e-28
8.648859917792105199e-29
1.826484494467204130e-28
5.758380563132801999e-29
3.017488020146797923e-28
5.130458882235240397e-29
1.519998556114083161e-28
5.579276150853828161e-29
1.524794166097643646e-27
5.348423790778117143e-29
1.513628328397550161e-28
5.236063119439741860e-29
3.017753292739269397e-28
5.526916664114415936e-29
1.626063020496391276e-28
8.006197237027776361e-29
7.253657586566323201e-28
8.940708331389960454e-29
1.776963949478438044e-28
6.220674575496389254e-29
2.974394734792791444e-28
5.848579934165605507e-29
1.576093667748968342e-28
6.261774542658944716e-29
2.002999360124690403e-27
6.985201605453971269e-29
1.595339810869627594e-28
7.310456698130239652e-29
3.461763541015923326e-28
7.447219547242313547e-29
2.839520938369732432e-28
1.339797758271412958e-28
8.799075180035436549e-28
1.817617703421168876e-28
3.771321317560115088e-28
2.432215406534013538e-28
4.191814532791438524e-28
3.372356560218222604e-26
1.518393694133050732e-20
8.333581164989257890e-15
1.758066920852751495e-10
1.754033351359069783e-06
2.789155649244330366e-03
3.012025684774368273e+00
4.062024692873769105e+00
5.259409758289106094e+02
3.176444581658017796e+03
2.266017008343477755e+03
3.270697997574898181e+03
4.143234369064431121e+03
2.897533214496016626e+03
1.162282212148269309e+03
3.509870227505673679e+00
3.615896326923070658e-06
3.153501927266035595e-08
1.908399880528755656e-11
