2.126707488459970336e+06
1.816630348276708361e-11
2.938830433116807373e-08
3.408374725833736178e-06
3.505111960085821821e+00
1.263252349430058530e+03
3.105585964465326924e+03
4.515999588539689285e+03
3.379209586283418048e+03
2.285153529844832974e+03
3.442695393865713413e+03
5.470741020023730243e+02
3.970299999736033314e+00
2.856042576151745838e+00
2.511699172615013478e-03
1.479009282073025195e-06
1.422497079980669171e-10
6.529338665014755599e-15
1.134187096634651864e-20
2.347234319667784473e-26
4.076367866082050954e-28
2.702322380435160076e-28
3.585198466812693222e-28
1.692166886428437417e-28
8.568333981207641064e-28
1.360809862795781933e-28
2.768713551643294576e-28
7.532644319617015231e-29
3.463350317195007762e-28
7.096014752885875305e-29
1.620134083114138604e-28
7.425520902728473108e-29
1.990133389761287437e-27
6.085831841773787697e-29
1.637950735953558489e-28
6.402822141652440551e-29
3.000014301070224397e-28
6.410219687679377569e-29
1.720976960614848141e-28
8.000430747852929273e-29
7.260343221768616966e-28
7.641455743622647114e-29
1.636423569212748232e-28
5.603573968237965515e-29
3.019448303948225347e-28
5.132090039096592581e-29
1.541587766757232103e-28
5.829988170846993701e-29
1.519807655080203607e-27
5.402883302401664662e-29
1.587857124008659384e-28
5.379961645590148985e-29
3.016213280122411963e-28
6.061090898891109778e-29
1.755452665285524249e-28
8.657087334868394837e-29
6.969582269854903454e-28
8.233545308391418953e-29
1.793599504660921762e-28
5.996158297488685097e-29
3.004143801766440495e-28
5.089932283907074491e-29
1.502693811081676702e-28
5.502257202600960142e-29
5.763488207566138561e-27
5.307116802084654311e-29
1.524135584736019698e-28
5.204579898093231174e-29
3.004086847025849418e-28
5.822292304026214405e-29
1.716424050077458792e-28
7.977810679766399035e-29
6.969582269854903454e-28
8.651178626744071390e-29
1.805287780299396142e-28
5.808295399043967815e-29
3.015252416815313065e-28
5.298630837123436599e-29
1.533608748337873221e-28
5.642056931409133265e-29
1.519807655080203607e-27
5.564166322164084330e-29
1.522650460778602697e-28
5.183762395692434103e-29
3.019662081022228871e-28
5.570335980578984095e-29
1.623508920374964261e-28
7.921535044105977691e-29
7.260343221768616966e-28
9.007416135687293706e-29
1.800354821149715199e-28
6.225547963092969920e-29
2.999625158138058534e-28
5.849150936356798607e-29
1.602815784882123375e-28
6.218079518275609111e-29
1.990133389761287437e-27
7.021010954139330107e-29
1.590492537230613618e-28
7.305013485023951925e-29
3.463835406543550822e-28
7.390377879785612511e-29
2.754214525509018824e-28
1.292916190565291788e-28
8.568333981207641064e-28
1.698612667187011632e-28
3.611738472828797888e-28
2.606220818032611330e-28
4.077125920001607591e-28
2.344202146911198339e-26
1.134186372419920868e-20
6.529338658191459023e-15
1.422497079980669171e-10
1.479009282072993855e-06
2.511699172615023453e-03
2.856042576151745838e+00
3.970299999736033314e+00
5.470741020023730243e+02
3.442695393865713413e+03
2.285153529844833429e+03
3.379209586283418048e+03
4.515999588539689285e+03
3.105585964465326924e+03
1.263252349430058757e+03
3.505111960085821821e+00
3.408374725832704492e-06
2.938830433122710465e-08
1.816630348436647610e-11
