2.124324689890989102e+06
1.798234608504825421e-11
2.909419310716048832e-08
3.381728979427773598e-06
3.532210226904819006e+00
1.278321051754420523e+03
3.151224376043342545e+03
4.595349986473428544e+03
3.409683492367659710e+03
2.280025009861866238e+03
3.457339369076146795e+03
5.430694611112180610e+02
3.897803393408655559e+00
2.791820923955637301e+00
2.439069256930949912e-03
1.411059624995825716e-06
1.345310143857612656e-10
6.166388749520870172e-15
1.066469435697994468e-20
2.184560072695436618e-26
4.017861085977375864e-28
2.694800749483480842e-28
3.679430638966373206e-28
1.672987099123770695e-28
8.583012552640002363e-28
1.373834275329141256e-28
2.765306306658913671e-28
7.508643506571579815e-29
3.434589152111681713e-28
7.180402344767351857e-29
1.648194971732821043e-28
7.386165249279273425e-29
1.970768664943127814e-27
6.080513591302673866e-29
1.623713632770510836e-28
6.478565448580761066e-29
3.003046106387342000e-28
6.330171907411626904e-29
1.720292047448080225e-28
7.949113623283749890e-29
7.196057604955331292e-28
7.656519393136282388e-29
1.627197872337490852e-28
5.613124684864983593e-29
3.038970184364798377e-28
5.246876992618824667e-29
1.556061525928697028e-28
5.762057654537370983e-29
1.539883030035626813e-27
5.491267400176849975e-29
1.570622057278461964e-28
5.310932967563667424e-29
3.041683926361045548e-28
6.123265816764020518e-29
1.787385302139329299e-28
8.685599957724853050e-29
6.868181513014110711e-28
8.198585058494237500e-29
1.816922355072049505e-28
5.976744789328493627e-29
2.980316987798775389e-28
5.143396940087880491e-29
1.494705656736432776e-28
5.534357228250065672e-29
5.851911955028005791e-27
5.336437745569659848e-29
1.515178401200741179e-28
5.287074168023111821e-29
2.980236361598708385e-28
5.896980615958794814e-29
1.736100503794104195e-28
8.028200200003881556e-29
6.868181513014110711e-28
8.620869035632506821e-29
1.830693578519078761e-28
5.739243879804287309e-29
3.041176048799981075e-28
5.295327781879034791e-29
1.516121055002193747e-28
5.744584928536932262e-29
1.539883030035626813e-27
5.490534927182650379e-29
1.537834587868443453e-28
5.323032849874087001e-29
3.039099065798650614e-28
5.572226387587290155e-29
1.618622559639821208e-28
8.056172813038723204e-29
7.196057604955331292e-28
9.066288342625824866e-29
1.794877371138861148e-28
6.237975516108275022e-29
3.003294368723286487e-28
5.902832342781803554e-29
1.589160492206198816e-28
6.200287444260948234e-29
1.970768664943127814e-27
6.961773415043006892e-29
1.617183498823679310e-28
7.367433927901385193e-29
3.435062265992366076e-28
7.337163350220594110e-29
2.747257127549164413e-28
1.302445254873375169e-28
8.583012552640002363e-28
1.682847149600943006e-28
3.697149350047858297e-28
2.590953281404510500e-28
4.018397724002040103e-28
2.181008325106709634e-26
1.066468048265806124e-20
6.166388743548347461e-15
1.345310143857612656e-10
1.411059624995787811e-06
2.439069256930959887e-03
2.791820923955637301e+00
3.897803393408655559e+00
5.430694611112180610e+02
3.457339369076146795e+03
2.280025009861866238e+03
3.409683492367659710e+03
4.595349986473428544e+03
3.151224376043342545e+03
1.278321051754420523e+03
3.532210226904819006e+00
3.381728979426755888e-06
2.909419310721771598e-08
1.798234608665559215e-11
