2.119572372631540988e+06
1.753140708027465798e-11
2.835052794236760561e-08
3.332062226135690253e-06
3.577661005592830623e+00
1.302676970776307826e+03
3.207251056176419297e+03
4.732698234068900092e+03
3.519955350950207503e+03
2.269036200411846949e+03
3.432357506899422333e+03
5.260664537845981386e+02
3.707845511938114846e+00
2.667079825770297674e+00
2.317490740046125684e-03
1.294042385441026691e-06
1.215679400711807528e-10
5.570921989490010740e-15
9.546574715029275301e-21
1.905516750558537955e-26
3.989068005184572227e-28
2.909428299250728026e-28
4.092352704007088891e-28
1.682856521675492280e-28
8.526865813741660046e-28
1.375374241601460837e-28
2.859784428720742079e-28
7.732594998381789329e-29
3.483505790744371304e-28
7.251502689994204330e-29
1.639227650777716979e-28
7.532154069734048523e-29
2.049907641206968046e-27
6.115114417770826672e-29
1.635489896793857633e-28
6.401375036536667274e-29
3.037757807120366140e-28
6.446732553430771884e-29
1.706456216830033432e-28
8.066881498231249196e-29
7.273677987813189046e-28
7.692000611002539399e-29
1.678466582097941057e-28
5.609805013173764600e-29
3.059635183262758732e-28
5.200750273230394655e-29
1.560478154415154274e-28
5.949192721711165334e-29
1.543535959487978905e-27
5.456755743396488859e-29
1.578671730991911818e-28
5.287372888238873442e-29
3.041640961576134991e-28
6.131281190193764812e-29
1.748519695750763942e-28
8.707861491006091140e-29
6.862145869628459696e-28
8.408559518118897559e-29
1.808218467943486901e-28
6.052894964029349288e-29
2.982762472343201435e-28
5.200643919620997949e-29
1.503137106267788301e-28
5.527676199976574751e-29
5.839046229164556501e-27
5.325464851427659458e-29
1.520857223473386101e-28
5.320676538885707460e-29
2.982597459626839272e-28
5.950582393138721125e-29
1.726401475197832599e-28
8.226949886673736122e-29
6.862145869628459696e-28
8.689484725015778969e-29
1.834039853096514493e-28
5.800051429142331367e-29
3.041795808938277738e-28
5.321698779790473371e-29
1.521177597345502748e-28
5.707145404431762997e-29
1.543535959487978905e-27
5.667260656629330560e-29
1.539407713061987501e-28
5.279212238615610356e-29
3.059766180717847923e-28
5.591289090338591501e-29
1.676368835271467636e-28
8.139318747342005935e-29
7.273677987813189046e-28
9.307495679882942601e-29
1.784206597066209782e-28
6.311911156950997368e-29
3.038157241634675416e-28
5.867640280367766582e-29
1.598290723195385704e-28
6.274944808701787629e-29
2.049907641206968046e-27
7.103482119722986532e-29
1.609147452086290777e-28
7.456867650188756865e-29
3.483727234778000072e-28
7.529108807535620973e-29
2.841224762923653328e-28
1.302495680466045458e-28
8.526865813741660046e-28
1.677971684433618288e-28
4.111160887987337960e-28
2.782529975360296711e-28
3.989453231821831239e-28
1.902117839992888055e-26
9.546556304891087119e-21
5.570921984883763562e-15
1.215679400711807528e-10
1.294042385440959140e-06
2.317490740046133056e-03
2.667079825770297230e+00
3.707845511938114846e+00
5.260664537845981386e+02
3.432357506899422333e+03
2.269036200411846949e+03
3.519955350950207503e+03
4.732698234068900092e+03
3.207251056176419297e+03
1.302676970776307826e+03
3.577661005592831067e+00
3.332062226134582757e-06
2.835052794241789157e-08
1.753140708173069296e-11
