2.111609192418336868e+06
1.652257461447990464e-11
2.682913159817217287e-08
3.273489961405619921e-06
3.567643346787286340e+00
1.348004947640189130e+03
3.297995561302447641e+03
4.900524787560972072e+03
3.731904289956573848e+03
2.331960759074962425e+03
3.412135400738885892e+03
5.159631501316420099e+02
3.584273229022330476e+00
2.655133738340308636e+00
2.313114835612113587e-03
1.209143986180569100e-06
1.105989005493532206e-10
5.051425332703697075e-15
8.450019239588121805e-21
1.609470033794877546e-26
3.997518131055275257e-28
3.429185171149263449e-28
5.331711341358759315e-28
1.722876172899765447e-28
8.525500953589278882e-28
1.438235612247753951e-28
3.033324065433725784e-28
8.121654172482303223e-29
3.562998789912966136e-28
7.969738677837015715e-29
1.647372950087652079e-28
7.906102245292664869e-29
2.001120424380581149e-27
6.077243658325914875e-29
1.645141511268650918e-28
6.423386029494072682e-29
2.983824276440246595e-28
6.467447289292160846e-29
1.725463956174539486e-28
8.351024999393795050e-29
7.404044069397465293e-28
7.687263609770529653e-29
1.682162415678596046e-28
5.721177889733144047e-29
3.040765117867252252e-28
5.283099964658554990e-29
1.566994894212405558e-28
5.937635032977687154e-29
1.541176651589122740e-27
5.521301192649113681e-29
1.592311297169834951e-28
5.466025609402483175e-29
3.060976886874951094e-28
6.116469139594316033e-29
1.774868571921183639e-28
8.923915998863445857e-29
7.002937703876123144e-28
8.376158302868520653e-29
1.840776356613894417e-28
6.163531453543899981e-29
3.013779128458445295e-28
5.248449667654339214e-29
1.511496823225954057e-28
5.643124324520086050e-29
5.829484954732264924e-27
5.425478909890637787e-29
1.538750761058556230e-28
5.410647473591827783e-29
3.013958374235095547e-28
6.001781009620574389e-29
1.765226632960084364e-28
8.171278658812711459e-29
7.002937703876123144e-28
8.990734189313170430e-29
1.834251584662055456e-28
5.796868938420490992e-29
3.060477237953296037e-28
5.424978322777521471e-29
1.526982298797109141e-28
5.818405454897606082e-29
1.541176651589122740e-27
5.584168566722867766e-29
1.547118624534393376e-28
5.382513813944990557e-29
3.040977365178291072e-28
5.742478631267665675e-29
1.668914972803924061e-28
8.140061808617937729e-29
7.404044069397465293e-28
9.705378507478221337e-29
1.809406316500547918e-28
6.375105040419210153e-29
2.984092322922897491e-28
5.861788199862878391e-29
1.611491474618289584e-28
6.261298032524728431e-29
2.001120424380581149e-27
7.517684292596142093e-29
1.617947462369383941e-28
8.249787416833488673e-29
3.563520562824216953e-28
7.895202048173923900e-29
3.011361732295540745e-28
1.356969782880587775e-28
8.525500953589278882e-28
1.715203916830989618e-28
5.361586924071576395e-28
3.296875282153004118e-28
3.998116289841184301e-28
1.605216327158142954e-26
8.450005337367587330e-21
5.051425321253558530e-15
1.105989005493532206e-10
1.209143986180487574e-06
2.313114835612117923e-03
2.655133738340308636e+00
3.584273229022330476e+00
5.159631501316420099e+02
3.412135400738886801e+03
2.331960759074962425e+03
3.731904289956573848e+03
4.900524787560972072e+03
3.297995561302447641e+03
1.348004947640189130e+03
3.567643346787286340e+00
3.273489961404481086e-06
2.682913159820948864e-08
1.652257461575486784e-11
