2.092573175026152749e+06
1.389750272149265450e-11
2.314209537552308081e-08
3.162838505985904258e-06
3.852681847214205479e+00
1.424756421532654485e+03
3.373661397482903340e+03
4.834452881561905087e+03
3.962855628168708336e+03
2.390004083685429578e+03
3.420025108555909355e+03
4.977543277282766780e+02
3.729710402871711405e+00
2.930253769617823689e+00
2.673785687599670481e-03
1.361856468844920122e-06
1.186092886533912008e-10
5.123988476734739191e-15
8.308795552543959538e-21
1.550603149787158628e-26
3.956157525975844355e-28
3.115274148166008450e-28
5.205866845631933424e-28
1.674605829547966274e-28
8.816288979118908143e-28
1.458204349372534050e-28
3.131235862936217733e-28
7.901321130254079735e-29
3.648246506885677031e-28
7.882195859172640616e-29
1.644590131683842461e-28
7.533626631384283815e-29
1.977642802456899717e-27
6.173887895947670753e-29
1.644730756311038176e-28
6.496777759567998198e-29
3.004047783977955961e-28
6.671041492450479816e-29
1.743046570503184230e-28
8.337290809077835084e-29
7.328985591545263780e-28
7.844402071007058001e-29
1.694227407636442954e-28
5.732316180425148203e-29
3.059116522505026201e-28
5.388211851108103948e-29
1.565539926602609815e-28
5.936831777424260389e-29
1.549361987411666793e-27
5.534522127952841851e-29
1.591198938222353928e-28
5.520669995363585192e-29
3.024089789747766256e-28
6.155900366905152234e-29
1.794429863968904219e-28
8.738332108018340032e-29
6.954083525846821899e-28
8.423487827386735851e-29
1.811256486743036209e-28
6.144601023441914378e-29
3.030192463105249267e-28
5.229894821009182528e-29
1.501069262286731855e-28
5.667108920386250981e-29
5.767557217079849471e-27
5.484999214268946533e-29
1.523672944370861417e-28
5.404907468719537272e-29
3.030162844915546641e-28
6.014130771268113255e-29
1.726358093882104246e-28
8.247462742694745505e-29
6.954083525846821899e-28
8.771968320713072057e-29
1.854113512716354048e-28
5.814158534439695092e-29
3.023660389440373347e-28
5.465251916105687566e-29
1.530268572966991983e-28
5.846830238438133989e-29
1.549361987411666793e-27
5.641354440785500104e-29
1.543048144077830378e-28
5.486703446830563091e-29
3.058989779748376695e-28
5.756001951942984222e-29
1.685055654209843256e-28
8.165697754981455163e-29
7.328985591545263780e-28
9.542329101955614360e-29
1.825092796864217305e-28
6.483496986913006855e-29
3.004338416982467713e-28
5.931594749541382952e-29
1.603723960254115852e-28
6.255508065891114203e-29
1.977642802456899717e-27
7.144365876149662967e-29
1.612207759839806419e-28
7.948180504603658828e-29
3.648563842617042469e-28
7.742890989776842741e-29
3.113364214923836955e-28
1.380329146452144734e-28
8.816288979118908143e-28
1.651776526376841309e-28
5.239207517541582883e-28
3.026630324211129974e-28
3.956851850797387100e-28
1.550596291222196929e-26
8.308785679120872139e-21
5.123988460568433589e-15
1.186092886533912008e-10
1.361856468844918640e-06
2.673785687599675685e-03
2.930253769617824133e+00
3.729710402871711405e+00
4.977543277282766780e+02
3.420025108555909355e+03
2.390004083685429578e+03
3.962855628168708336e+03
4.834452881561905087e+03
3.373661397482903340e+03
1.424756421532654485e+03
3.852681847214205479e+00
3.162838505984721376e-06
2.314209537553546866e-08
1.389750272261634221e-11
