2.079455755799444159e+06
1.306553087868224061e-11
2.150899121208813432e-08
3.073229360655093858e-06
4.123142922392006859e+00
1.449483242371514962e+03
3.549012119458547659e+03
4.693074129892784185e+03
4.138704557076200217e+03
2.527861349650792818e+03
3.565511552529485016e+03
4.999902385470308559e+02
4.887162556633344757e+00
3.951172532789771541e+00
3.816136396825255302e-03
2.065077117676381892e-06
1.728499737184593340e-10
7.015566993925356359e-15
1.126749947344680535e-20
2.119786472673962213e-26
3.972696280107870027e-28
2.786738126409914253e-28
4.904198238094356390e-28
1.656775933367649670e-28
8.867472792606952853e-28
1.578079660717205259e-28
3.262965586966131344e-28
7.523889363924355717e-29
3.607755434250778416e-28
7.540142689689001342e-29
1.633506298413249049e-28
7.444799917925990057e-29
2.007351333819777628e-27
6.232116875892686685e-29
1.644982711433290558e-28
6.521052520274420411e-29
3.024358443981158635e-28
6.698463057815083310e-29
1.764017972818713349e-28
8.256377915621531815e-29
7.232515675169162112e-28
7.905733638421960763e-29
1.695031503227040371e-28
5.798625182242526167e-29
3.086646721868649361e-28
5.410103626561192496e-29
1.571089523958082243e-28
5.963569107408093719e-29
1.529783056417269671e-27
5.565733973047104081e-29
1.596281584089244436e-28
5.436887796174551697e-29
3.032850506296059575e-28
6.186264391019122928e-29
1.801482456038076998e-28
8.954213853254651088e-29
6.923573338733884034e-28
8.492817678916299163e-29
1.849840005690056586e-28
6.333795914282424210e-29
3.009055857582873376e-28
5.331860823817819680e-29
1.520499097821165689e-28
5.705801884153709727e-29
5.871204793937562430e-27
5.507737963494154568e-29
1.537024556879371606e-28
5.439494510335737227e-29
3.008744872459963360e-28
6.173737799062680984e-29
1.765080335678561011e-28
8.149110890236340172e-29
6.923573338733884034e-28
8.848013716461429800e-29
1.866441496369308141e-28
5.939338374748955760e-29
3.033408714731647648e-28
5.476250935251547172e-29
1.541512256008147765e-28
5.856216173673606141e-29
1.529783056417269671e-27
5.642811340492709921e-29
1.550002195648665021e-28
5.491701529428587397e-29
3.086479321508912684e-28
5.824802465562642048e-29
1.683437053361268100e-28
8.208063791710864621e-29
7.232515675169162112e-28
9.493429721557356341e-29
1.851750213820604924e-28
6.479324442508501662e-29
3.024593887960977567e-28
5.949716569490134161e-29
1.608996841896904088e-28
6.407120357203713506e-29
2.007351333819777628e-27
7.108260414462838818e-29
1.609055133832062858e-28
7.661781650954402620e-29
3.607982936808689991e-28
7.402516136046375746e-29
3.240533547510586104e-28
1.516585989763367475e-28
8.867472792606952853e-28
1.630687381185340807e-28
4.940179909685191418e-28
2.729619254475770135e-28
3.973215194609525446e-28
2.121138368485405251e-26
1.126749236511840122e-20
7.015566996658455684e-15
1.728499737184593340e-10
2.065077117676459819e-06
3.816136396825270480e-03
3.951172532789771541e+00
4.887162556633345645e+00
4.999902385470309127e+02
3.565511552529485016e+03
2.527861349650792818e+03
4.138704557076200217e+03
4.693074129892784185e+03
3.549012119458547659e+03
1.449483242371514962e+03
4.123142922392006859e+00
3.073229360654087159e-06
2.150899121207880372e-08
1.306553087974797397e-11
