2.061503228964321548e+06
1.182441146922972269e-11
2.012657109164880382e-08
2.966823975192810063e-06
4.614003588990136961e+00
1.468054794413734498e+03
3.826678404295289511e+03
4.669280318794892992e+03
4.479799054827120926e+03
2.867264371261089309e+03
3.853982109833730647e+03
5.732711784595783229e+02
6.824228489340248061e+00
5.464336246039305678e+00
5.217863336105717578e-03
2.779894312877325351e-06
2.173999133506404028e-10
8.220438378460041173e-15
1.269023352535028295e-20
2.305918067314159683e-26
4.396110339884386590e-28
2.972461682060179155e-28
5.661833387799049287e-28
1.624380007413605909e-28
9.283866180308608616e-28
1.636191216215148564e-28
3.334077066764096102e-28
7.869000233819158511e-29
3.645521843398693037e-28
7.727491205060856969e-29
1.692089415408971716e-28
7.774008141013719248e-29
2.006002367982675191e-27
6.357630466514310925e-29
1.667558440131839710e-28
6.665550123879447988e-29
3.048560290951051893e-28
6.983960159754619744e-29
1.801002876439762289e-28
8.701137480603742338e-29
7.402417350281412154e-28
8.151786639789000039e-29
1.743806267324538490e-28
6.005741010111989301e-29
3.063314729086722796e-28
5.537433833346225001e-29
1.587734835394825318e-28
6.172982933927217521e-29
1.535498549130721158e-27
5.724117599959981873e-29
1.612873165672450197e-28
5.631154498633579882e-29
3.049135895250520585e-28
6.339222811129175060e-29
1.858232790523542203e-28
9.450946144049411701e-29
7.046603024125896717e-28
8.877342964513965539e-29
1.914722574391344736e-28
6.437487233046111157e-29
3.024795242782892929e-28
5.496249290608945055e-29
1.523182238960250473e-28
5.853269045308330462e-29
5.789833712773260674e-27
5.635083274602010204e-29
1.552876312853959271e-28
5.613864962367124542e-29
3.025374538562604865e-28
6.351230771202704093e-29
1.826049096210083791e-28
8.562702327403753604e-29
7.046603024125896717e-28
9.437899072667793877e-29
1.913458721737971427e-28
6.127468589768293283e-29
3.049109755579695665e-28
5.611225352172117310e-29
1.557841380079291300e-28
6.071771851460083542e-29
1.535498549130721158e-27
5.862951598192676557e-29
1.565715384601185478e-28
5.608607033002861599e-29
3.062835058813998689e-28
6.004021910013312957e-29
1.737373403106959460e-28
8.483927734057869603e-29
7.402417350281412154e-28
1.003734143425932409e-28
1.902175105040565285e-28
6.774153268593827486e-29
3.048642154800900744e-28
6.151622085857051366e-29
1.633172047758811899e-28
6.477610915612501666e-29
2.006002367982675191e-27
7.474876155937706514e-29
1.659716182429999628e-28
7.868331196528166636e-29
3.646425571696029393e-28
7.767595039704614866e-29
3.303027466930300254e-28
1.580211385819524813e-28
9.283866180308608616e-28
1.625590654182314961e-28
5.687936042532337511e-28
2.893747035871999243e-28
4.396507761130551223e-28
2.304482478445699852e-26
1.269026831255297401e-20
8.220438406556622355e-15
2.173999133506404028e-10
2.779894312877592167e-06
5.217863336105729721e-03
5.464336246039305678e+00
6.824228489340248061e+00
5.732711784595783229e+02
3.853982109833730647e+03
2.867264371261089764e+03
4.479799054827120926e+03
4.669280318794892992e+03
3.826678404295289511e+03
1.468054794413734498e+03
4.614003588990136961e+00
2.966823975192091779e-06
2.012657109164004563e-08
1.182441147041330667e-11
