2.053451737170125823e+06
1.123285477440351763e-11
1.971176893616506318e-08
2.924872303173949387e-06
4.853163925988097205e+00
1.458156724988412407e+03
3.906326115450002817e+03
4.580424625221384304e+03
4.535557530901375685e+03
2.862081487637405189e+03
3.939221607561628389e+03
6.018961247086848516e+02
7.448341678857452131e+00
5.917918081696389443e+00
5.593985942034009062e-03
2.945873010780590585e-06
2.228568584884606228e-10
8.184849918303228509e-15
1.244135725201266560e-20
2.200713426647061488e-26
4.637982454058160536e-28
2.939522163345136370e-28
6.025209011853850637e-28
1.643475470990794058e-28
9.463023365849913730e-28
1.650969672858897183e-28
3.365526228008932919e-28
7.915402840418380268e-29
3.676097358173169136e-28
7.810336437721394064e-29
1.679559265988709226e-28
8.144025880207216939e-29
2.030200942467813958e-27
6.468905618002464116e-29
1.689549917162280548e-28
6.706119295278251128e-29
3.050237267191868012e-28
6.971647849546513271e-29
1.829960269847921776e-28
9.080498200309883542e-29
7.450625016737099708e-28
8.398295315535374387e-29
1.709959937747751163e-28
6.087357785512304210e-29
3.120179203535184067e-28
5.649790748261777673e-29
1.614523259342717754e-28
6.251857617509010861e-29
1.542942601197919258e-27
5.743651639123230456e-29
1.640916507309977684e-28
5.713581045063637773e-29
3.063001638373927689e-28
6.479122133498617218e-29
1.880817016216976193e-28
9.705292941104386631e-29
7.145501214798557231e-28
8.820105698755939295e-29
1.927186139373311064e-28
6.506327460003296078e-29
3.039338441506933749e-28
5.527829230487508074e-29
1.529259700248436936e-28
5.847630387968630428e-29
5.820124501272196960e-27
5.644500335467531738e-29
1.554548103575189362e-28
5.646755916806007114e-29
3.039407413258462095e-28
6.383511395288582505e-29
1.846256406672121048e-28
8.660281022830594312e-29
7.145501214798557231e-28
9.619526287812072052e-29
1.942515712951937034e-28
6.281851684563409006e-29
3.062736025401130247e-28
5.618758170347890358e-29
1.578569240878648894e-28
6.106307627941467495e-29
1.542942601197919258e-27
5.922380058212227733e-29
1.583462539339977895e-28
5.741970552260362073e-29
3.120065607286069624e-28
6.057259347530020957e-29
1.709123333607915994e-28
8.710217261608010825e-29
7.450625016737099708e-28
1.028961196441791630e-28
1.925310532425777491e-28
6.715716436238947671e-29
3.050566693602965434e-28
6.198241977923181837e-29
1.648411697478897611e-28
6.622941627586861858e-29
2.030200942467813958e-27
7.738368827128039429e-29
1.650894948011963153e-28
7.938541389571627813e-29
3.677023002071407574e-28
7.821874753724921791e-29
3.327392306387380421e-28
1.596703051265210344e-28
9.463023365849913730e-28
1.651890207807018451e-28
6.022967338341410619e-28
2.866815850642359380e-28
4.637926973613291746e-28
2.197784641745311986e-26
1.244142080028926665e-20
8.184849947546385885e-15
2.228568584884606228e-10
2.945873010780980644e-06
5.593985942034022073e-03
5.917918081696391219e+00
7.448341678857452131e+00
6.018961247086848516e+02
3.939221607561628389e+03
2.862081487637405189e+03
4.535557530901375685e+03
4.580424625221385213e+03
3.906326115450002817e+03
1.458156724988412407e+03
4.853163925988096317e+00
2.924872303173306913e-06
1.971176893615449181e-08
1.123285477549123267e-11
