2.045792592414529994e+06
1.091148660720577514e-11
1.942070000765454674e-08
2.888052123229235493e-06
5.026334669478513817e+00
1.425332380481337623e+03
3.892090682162797293e+03
4.462218866594391329e+03
4.483017706950843603e+03
2.766245473911100362e+03
3.970089621043179704e+03
6.180507496271729906e+02
7.942880665387318295e+00
6.275620708757706723e+00
5.875319314577376675e-03
3.060389463796438353e-06
2.248752499968676620e-10
8.044109940350342281e-15
1.205616898057692322e-20
2.071047836233338757e-26
4.605579738347181882e-28
2.887290402869122853e-28
6.300527193070533305e-28
1.677508539152968854e-28
9.575392865634614788e-28
1.663146111774307363e-28
3.246812747156204068e-28
7.965801572848633529e-29
3.596938979959915371e-28
7.813613759242283896e-29
1.685049904248051466e-28
8.248888807691605809e-29
2.002409808564252222e-27
6.507237896125883039e-29
1.664808393987686157e-28
6.840011468977273439e-29
3.048894807978344844e-28
6.943341802102873709e-29
1.836010205596313028e-28
9.283783058164919573e-29
7.485304080218545907e-28
8.350417557089571398e-29
1.736278589757442167e-28
6.058638838232965134e-29
3.110524226475348112e-28
5.570152871881109997e-29
1.603908574747345714e-28
6.230820571327004290e-29
1.556364786958144986e-27
5.813948328992403184e-29
1.660479545181933661e-28
5.695740173269671222e-29
3.057980893680894411e-28
6.456123273704781988e-29
1.886364018544201816e-28
9.965019795800908684e-29
7.136793371493893353e-28
8.929945040496445141e-29
1.918946715546530073e-28
6.407592355738956110e-29
3.052259704964999097e-28
5.428513104162062106e-29
1.551708972817893783e-28
5.818295354053585328e-29
5.910966595870055747e-27
5.606636900644355486e-29
1.576191703549727998e-28
5.550977531825817773e-29
3.052497213478704683e-28
6.289636932400026792e-29
1.823605063248691038e-28
8.697124075538812167e-29
7.136793371493893353e-28
9.864854299772476375e-29
1.987556604078692836e-28
6.324934757807056948e-29
3.058237372932955318e-28
5.629586285996220154e-29
1.591139861799042890e-28
6.075842553785061516e-29
1.556364786958144986e-27
5.921689426178141500e-29
1.582377108416603868e-28
5.689847064636025239e-29
3.110098122858214003e-28
6.075346346276975459e-29
1.732801320716651126e-28
8.730294909288728312e-29
7.485304080218545907e-28
1.058221329582741519e-28
1.944773424785817026e-28
6.829192774750065654e-29
3.048971940445333137e-28
6.342610050611059151e-29
1.627506643897142531e-28
6.671444336633212191e-29
2.002409808564252222e-27
7.896670181475070592e-29
1.654012017566734137e-28
7.952245328568383233e-29
3.597980647396811632e-28
7.928221932523017026e-29
3.207030061173192354e-28
1.606721743933918170e-28
9.575392865634614788e-28
1.680163110800194596e-28
6.287841254623583988e-28
2.811041347463108054e-28
4.606082275169276886e-28
2.067665785685730119e-26
1.205626047843055982e-20
8.044109971600151963e-15
2.248752499968676620e-10
3.060389463796819942e-06
5.875319314577390553e-03
6.275620708757705835e+00
7.942880665387318295e+00
6.180507496271729906e+02
3.970089621043179704e+03
2.766245473911100362e+03
4.483017706950843603e+03
4.462218866594391329e+03
3.892090682162796384e+03
1.425332380481337623e+03
5.026334669478514705e+00
2.888052123228688733e-06
1.942070000764704917e-08
1.091148660820050991e-11
