2.042216752537384862e+06
1.076453934405638269e-11
1.919897992362823944e-08
2.868156608039238437e-06
5.062889056186921977e+00
1.400036163066215977e+03
3.856641493985306170e+03
4.386775200335554473e+03
4.452078068897004414e+03
2.698013238343426565e+03
3.963483827228837526e+03
6.159795347925756914e+02
8.098015945966297480e+00
6.382716318830008007e+00
5.944301038819205588e-03
3.079756101135211904e-06
2.237172449456964556e-10
7.916427449014998692e-15
1.179120531823354186e-20
2.000472169883033519e-26
4.585881724600307459e-28
2.862054411845589201e-28
6.361369580286552453e-28
1.654366855201218719e-28
9.547395711305651002e-28
1.638980319261783896e-28
3.288897766419996596e-28
7.889118651640471341e-29
3.617322854594456354e-28
7.655838053986615715e-29
1.684450929733901592e-28
8.353349338945805417e-29
2.011100754715948815e-27
6.467891555699629498e-29
1.679223928513852882e-28
6.602122875657785488e-29
3.064883371463487180e-28
6.960245854523724579e-29
1.848518462722454461e-28
9.226372466696695552e-29
7.551578234407369235e-28
8.419691720465392796e-29
1.723523681652201731e-28
6.159831714742290952e-29
3.108759437764020064e-28
5.525070115776429757e-29
1.609098498636056660e-28
6.222020991397881343e-29
1.531347546606038916e-27
5.807987578961028286e-29
1.636792751723027417e-28
5.664265343143624654e-29
3.071483690347213915e-28
6.490624503643979056e-29
1.876296390130033031e-28
9.768870087098750926e-29
7.146640691657434320e-28
8.768925885001235599e-29
1.930306962605698862e-28
6.391433038507741158e-29
3.069155877278053768e-28
5.402653864231824395e-29
1.534495515154894115e-28
5.827454402000033911e-29
5.669336615201205744e-27
5.652390126236718370e-29
1.559491253796131008e-28
5.499500465916887330e-29
3.069315009204981206e-28
6.278394553879162642e-29
1.838579302444763410e-28
8.572210723621566828e-29
7.146640691657434320e-28
9.743417579944256854e-29
1.953604823496403462e-28
6.255012020276648419e-29
3.071786399186189161e-28
5.629935253652508956e-29
1.570064119943561612e-28
6.104939991306435470e-29
1.531347546606038916e-27
5.914678423040122964e-29
1.586410955095090972e-28
5.591441336579195771e-29
3.108392611303906121e-28
6.132470066958242705e-29
1.729608948466739908e-28
8.798892516681165168e-29
7.551578234407369235e-28
1.048402378032171911e-28
1.937573089767302263e-28
6.771216533395261557e-29
3.065353546523120652e-28
6.175256135267293824e-29
1.639528228328083845e-28
6.629492455460209141e-29
2.011100754715948815e-27
7.964646572558187085e-29
1.656837088850974275e-28
7.717700013397720889e-29
3.618441381462865377e-28
7.854228915740100345e-29
3.257176109929770383e-28
1.582768680120744291e-28
9.547395711305651002e-28
1.674820432428138203e-28
6.407908263306688608e-28
2.796117063876254221e-28
4.586895256872825835e-28
1.997319069408551460e-26
1.179131167401254012e-20
7.916427479574296336e-15
2.237172449456964556e-10
3.079756101135695560e-06
5.944301038819223802e-03
6.382716318830008895e+00
8.098015945966297480e+00
6.159795347925754641e+02
3.963483827228837981e+03
2.698013238343426565e+03
4.452078068897004414e+03
4.386775200335554473e+03
3.856641493985306170e+03
1.400036163066215977e+03
5.062889056186922865e+00
2.868156608038610785e-06
1.919897992362063930e-08
1.076453934495006248e-11
