2.038766713416418759e+06
1.062379684210587677e-11
1.892137791983678786e-08
2.839873551508089320e-06
5.091183871850326170e+00
1.370232758122994255e+03
3.808576881366769612e+03
4.291405535523033905e+03
4.442004978382047739e+03
2.633436116490483528e+03
3.954192464645646851e+03
6.065072340547533258e+02
8.197344290271367129e+00
6.448853905094849459e+00
5.974104301563116538e-03
3.078119382690832891e-06
2.213251464607683223e-10
7.756765403577711456e-15
1.149070029972804097e-20
1.930389172419046103e-26
4.527881545784440619e-28
2.799085303375278292e-28
6.329105562432947812e-28
1.649427838800171175e-28
9.559649369835817305e-28
1.599817952086039953e-28
3.217660964466851384e-28
7.891205479290345854e-29
3.575926573294748184e-28
7.624301636207429175e-29
1.696329879406629554e-28
8.268702263460434262e-29
2.022763617822332953e-27
6.475444392141749736e-29
1.697349749332212739e-28
6.587590485438779329e-29
3.044779676298431893e-28
6.976291121605502480e-29
1.850041964691803162e-28
9.021938917903359044e-29
7.524823799177739673e-28
8.401894683727436589e-29
1.730610609945800340e-28
6.089449994341533121e-29
3.072186355110644892e-28
5.588438587402927788e-29
1.602152238860999157e-28
6.105875477478315708e-29
1.547009525617299999e-27
5.691938094478513306e-29
1.654031350448904299e-28
5.640251952390293025e-29
3.103621897563637030e-28
6.483389638010637766e-29
1.861111337473675495e-28
9.687878996068033646e-29
7.239556263429730431e-28
8.700922996715109094e-29
1.917649355151849347e-28
6.435060222653457723e-29
3.035201504549237882e-28
5.367447721050613298e-29
1.538838023433816596e-28
5.717519669950486278e-29
5.963201087684522295e-27
5.537127389579481490e-29
1.570193621035685443e-28
5.455900559800073364e-29
3.034953453048094571e-28
6.324848598366958884e-29
1.832163627199956477e-28
8.513598143306266469e-29
7.239556263429730431e-28
9.391477432155713102e-29
1.951368623245526158e-28
6.294087251298186939e-29
3.104225434957157710e-28
5.603768410798014392e-29
1.591589576310626377e-28
5.975283950554615052e-29
1.547009525617299999e-27
5.816088863663029134e-29
1.578592907970683549e-28
5.637706632613024324e-29
3.071792407441845068e-28
6.064565092410804577e-29
1.719801322429416003e-28
8.834832788494666485e-29
7.524823799177739673e-28
1.020544228718698112e-28
1.955941793609097225e-28
6.703289462562842223e-29
3.044884906045870764e-28
6.122295290639479797e-29
1.657048774331613552e-28
6.636626983456823277e-29
2.022763617822332953e-27
7.858033599048167131e-29
1.662825527528867616e-28
7.681596452217514241e-29
3.576632101944118013e-28
7.879546512648370975e-29
3.181377554580085178e-28
1.547755481473859272e-28
9.559649369835817305e-28
1.668409435345681283e-28
6.355350626920439642e-28
2.722956847446008207e-28
4.527035817041866460e-28
1.927361486053276371e-26
1.149081106038212805e-20
7.756765433676623565e-15
2.213251464607683223e-10
3.078119382691196691e-06
5.974104301563126947e-03
6.448853905094848571e+00
8.197344290271367129e+00
6.065072340547533258e+02
3.954192464645646851e+03
2.633436116490483528e+03
4.442004978382047739e+03
4.291405535523033905e+03
3.808576881366769612e+03
1.370232758122994255e+03
5.091183871850326170e+00
2.839873551507543831e-06
1.892137791982604113e-08
1.062379684302396324e-11
