2.021193924584596185e+06
1.007558448450188865e-11
1.657612513444158470e-08
2.524769991865452144e-06
5.017096989850766242e+00
1.213604443802418018e+03
3.593010933638284314e+03
3.662963149347073340e+03
4.339081637036293614e+03
2.466940491533883687e+03
3.805083136223094698e+03
4.608109885006354602e+02
7.945606525980056567e+00
6.537146284915175798e+00
6.082879943954069661e-03
3.047343429530762617e-06
2.082740714770734709e-10
7.009781534508942571e-15
1.021211270800514297e-20
1.621899117491999300e-26
4.526577136467410412e-28
2.866977969997650620e-28
6.447194543391232436e-28
1.668835187116573925e-28
9.272080149354943529e-28
1.446606918273342306e-28
3.295494473102718259e-28
7.980613671994446582e-29
3.616892451501079348e-28
7.088290130041422090e-29
1.683204070118654874e-28
7.605456330820937389e-29
2.060748014400049351e-27
6.215548204594349506e-29
1.692310002718329841e-28
6.483159015695533969e-29
3.002008353841073508e-28
6.802339404012455382e-29
1.794150551945514955e-28
8.352024567711116067e-29
7.625489962700042799e-28
8.238466160674269151e-29
1.724866559406968338e-28
5.731917560918596434e-29
3.093013137548909887e-28
5.419547224914408119e-29
1.602808601622051620e-28
5.826758494628737971e-29
1.551986967752513568e-27
5.446485402287985632e-29
1.625716284399467507e-28
5.464294972608951587e-29
3.062775187261042334e-28
6.103449287166445996e-29
1.840467920728175082e-28
9.028460343926920016e-29
7.118854260000520508e-28
8.098401115805215477e-29
1.873511130779170281e-28
5.999814003705866648e-29
2.997645142367700807e-28
5.252901771645946715e-29
1.509716358144469642e-28
5.541978113175396461e-29
5.865364919508934055e-27
5.391337865092439023e-29
1.527527232976162302e-28
5.298862260168716271e-29
2.997575978522392103e-28
5.933729077149364013e-29
1.798966544641001271e-28
7.961637457162750814e-29
7.118854260000520508e-28
8.916121386944488404e-29
1.916236609074296931e-28
5.961435622258664278e-29
3.062634935547480490e-28
5.413831834272094603e-29
1.569478601586854619e-28
5.692055339325622598e-29
1.551986967752513568e-27
5.580526376026796240e-29
1.574489584506200652e-28
5.515297531906874375e-29
3.093209396371863856e-28
5.748906979389058079e-29
1.712493307776702145e-28
8.606295781914562068e-29
7.625489962700042799e-28
9.270593815959800124e-29
1.878957175315359022e-28
6.515059554902044383e-29
3.001956291185602852e-28
6.023442864737929590e-29
1.654941339197240257e-28
6.353326157958987417e-29
2.060748014400049351e-27
7.362760964432761223e-29
1.648067365612300124e-28
7.095875171234270672e-29
3.617742160406422051e-28
7.894064825875891859e-29
3.248482818582175249e-28
1.395103940731349123e-28
9.272080149354943529e-28
1.671561593250456443e-28
6.435895894853885712e-28
2.805530226306377026e-28
4.527004250278132198e-28
1.621123048318151839e-26
1.021224029189593204e-20
7.009781556658695031e-15
2.082740714770734709e-10
3.047343429530669020e-06
6.082879943954080937e-03
6.537146284915176686e+00
7.945606525980056567e+00
4.608109885006354602e+02
3.805083136223094698e+03
2.466940491533883687e+03
4.339081637036293614e+03
3.662963149347073340e+03
3.593010933638284314e+03
1.213604443802418018e+03
5.017096989850765354e+00
2.524769991864933337e-06
1.657612513440174768e-08
1.007558448505787519e-11
