2.196704200574860908e+06
2.933293796677070730e-11
5.009857381199853001e-08
5.462301009061512323e-06
4.587437114020127993e+00
1.070076548533384994e+03
4.024158292829866696e+03
4.548638076964231914e+03
4.344490671109308096e+03
1.969683560693499430e+03
2.771963352512146230e+03
4.669348985805640382e+02
3.591083898119122875e+00
3.321220008941712099e+00
3.832495248939829686e-03
2.966767476029402511e-06
3.631979389395450165e-10
2.050681140671412036e-14
4.475320414463608683e-20
1.272326337630706597e-25
6.493567231410848881e-28
2.459551712046713953e-28
6.608150852473843966e-28
2.032374591739124224e-28
1.022142345123608529e-27
2.219984887113131288e-28
3.018296846345012073e-28
9.261118043064956526e-29
3.524843474412513956e-28
7.435104877570383659e-29
1.696300143472845884e-28
8.891378061661660758e-29
1.979907317460733016e-27
6.298263678083950212e-29
1.690475601966492390e-28
6.519644540816892290e-29
2.994386059941744080e-28
6.746603737909409790e-29
1.822912018391602436e-28
8.758518123580492003e-29
7.473109460883975936e-28
8.008712731783597176e-29
1.667330689588935446e-28
5.606288284221693868e-29
3.104650686604720809e-28
5.342531348100890679e-29
1.577185688103139493e-28
5.851934234665614302e-29
1.550175754360264893e-27
5.535503633714257716e-29
1.592851801054577296e-28
5.401125321078505419e-29
3.064964707569398991e-28
6.078701844221439014e-29
1.805594111074744184e-28
9.069706860486743617e-29
7.155719926611768528e-28
8.365656327040380777e-29
1.889826479776828144e-28
6.004302029533196158e-29
3.015968703902743780e-28
5.158146008970649123e-29
1.500550672562393091e-28
5.560372050747636317e-29
5.780294890418006998e-27
5.372055978366156784e-29
1.512373823820074501e-28
5.286399116751697720e-29
3.015349938184388808e-28
5.904352716230171952e-29
1.795480181728080191e-28
8.094610623749611673e-29
7.155719926611768528e-28
9.052108401810430694e-29
1.856566219606385415e-28
5.753983568324658285e-29
3.064579475803710908e-28
5.374020691126669688e-29
1.544187306215197826e-28
5.795295492624461629e-29
1.550175754360264893e-27
5.581559619424470602e-29
1.549749954091441380e-28
5.396203463823026483e-29
3.105159957785377064e-28
5.588307253004019765e-29
1.664526134649733866e-28
8.368502277373343496e-29
7.473109460883975936e-28
9.989356603242760893e-29
1.922798167976815193e-28
6.660974435319223399e-29
2.994349825472936139e-28
5.954603611211658378e-29
1.641293155580628229e-28
6.458321872957079869e-29
1.979907317460733016e-27
8.629031364574713808e-29
1.666122159570299308e-28
7.478386596984919060e-29
3.524896933543968386e-28
9.167650035518719249e-29
2.976413032471026683e-28
2.117647476524159031e-28
1.022142345123608529e-27
2.009250828596037081e-28
6.600512632792177748e-28
2.407341119953235972e-28
6.494649653521129326e-28
1.272572690759981968e-25
4.475312863285932747e-20
2.050681144977357854e-14
3.631979389395450165e-10
2.966767476029161107e-06
3.832495248939842697e-03
3.321220008941712099e+00
3.591083898119123319e+00
4.669348985805640382e+02
2.771963352512146230e+03
1.969683560693499430e+03
4.344490671109308096e+03
4.548638076964232823e+03
4.024158292829866696e+03
1.070076548533384994e+03
4.587437114020127993e+00
5.462301009061746104e-06
5.009857381201532509e-08
2.933293796804426171e-11
