1.993632232185540721e+06
8.733243199105446056e-12
1.273281327938569693e-08
1.973787935335019763e-06
4.925311544211621317e+00
1.107657596820526123e+03
3.570737518656385419e+03
3.197095655752686071e+03
3.975831371915439377e+03
2.622934453115425185e+03
3.621640279247518265e+03
3.947625258988772430e+02
7.283109620357287817e+00
6.467887111490163932e+00
6.247242218873537423e-03
3.075075545759210153e-06
2.084735148528371228e-10
7.097559739334446092e-15
1.029986957674437400e-20
1.542156603111428923e-26
4.733103000638736145e-28
3.120696948504304236e-28
6.338105178279857889e-28
1.647595576479759242e-28
9.551845734554756541e-28
1.472517052471485010e-28
3.262390610250650784e-28
8.489289146694200605e-29
3.676581493644195521e-28
7.074124371948023721e-29
1.662364190939470690e-28
7.601089887791134916e-29
2.012971040970171932e-27
6.198827131948247099e-29
1.685408630737245293e-28
6.266911407605110191e-29
3.045506496662900609e-28
6.569042026157890380e-29
1.771163667567783650e-28
8.108396477325215802e-29
7.735583639682798025e-28
7.999303796617371194e-29
1.712461337419563946e-28
5.554516025417111501e-29
3.077844521293244206e-28
5.324166282249042589e-29
1.593841053720864142e-28
5.737981598856000667e-29
1.549013277889569729e-27
5.344967176557950677e-29
1.627098920850700384e-28
5.338067058545463189e-29
3.019967348698753355e-28
5.952761657454451353e-29
1.835430497039207196e-28
9.072891038673034842e-29
7.112196995332198032e-28
7.973041825041753679e-29
1.868372206562632619e-28
5.908509958440520086e-29
3.012676199749048596e-28
5.110792632558311568e-29
1.513389539438250457e-28
5.383823414175054811e-29
6.025334454646391952e-27
5.233238235917328187e-29
1.532060575150922506e-28
5.186461350551167514e-29
3.012143747969959063e-28
5.843016411642685514e-29
1.789877445217890499e-28
7.879490533183339140e-29
7.112196995332198032e-28
8.773996085384734444e-29
1.910411634645585056e-28
5.923576648785907677e-29
3.020000731196238643e-28
5.297104499302621635e-29
1.568455873881661262e-28
5.600618591076934925e-29
1.549013277889569729e-27
5.494653484699747463e-29
1.566430596046803488e-28
5.402959594922206178e-29
3.077920510273633151e-28
5.590873261174780150e-29
1.705789870029341134e-28
8.304606996494893917e-29
7.735583639682798025e-28
8.962494295287472354e-29
1.859148396919420640e-28
6.332878094265274127e-29
3.045712653796962789e-28
5.868443047732072174e-29
1.648181692409721584e-28
6.310267974119038037e-29
2.012971040970171932e-27
7.298444949261284825e-29
1.632900937744722174e-28
7.106566175016506797e-29
3.676181893315791824e-28
8.423956328482504768e-29
3.224997075362114180e-28
1.415137080885059827e-28
9.551845734554756541e-28
1.648675735112876451e-28
6.334332572706878948e-28
3.043288833496317791e-28
4.732494888330174656e-28
1.544308067297670866e-26
1.029996699643579536e-20
7.097559781344270400e-15
2.084735148528371228e-10
3.075075545758642218e-06
6.247242218873546096e-03
6.467887111490164820e+00
7.283109620357287817e+00
3.947625258988772430e+02
3.621640279247518265e+03
2.622934453115425185e+03
3.975831371915439377e+03
3.197095655752686071e+03
3.570737518656385419e+03
1.107657596820526123e+03
4.925311544211621317e+00
1.973787935334583117e-06
1.273281327934801555e-08
8.733243199166022495e-12
