1.988359101130055496e+06
8.326725859994208237e-12
1.186408301306468867e-08
1.849073912000788617e-06
4.840068571181741497e+00
1.095554128115083813e+03
3.547148204931518649e+03
3.138143626606167800e+03
3.921135775538318740e+03
2.597897044547786663e+03
3.481626751657749082e+03
3.868513259110630429e+02
7.001749431118112987e+00
6.200680162117825134e+00
5.918279481757993121e-03
2.908544064156161901e-06
2.000287564706887346e-10
6.841477454249989465e-15
9.924945834721091980e-21
1.474252934212757964e-26
4.568484168166692695e-28
2.999801299359915498e-28
5.807921953034897960e-28
1.598058433518790219e-28
9.567701035285066550e-28
1.426239613976862015e-28
3.266347576140148247e-28
8.300336610809591804e-29
3.628285928727447161e-28
7.006169006483885462e-29
1.643832013506466534e-28
7.440328912698270375e-29
2.077127732812050219e-27
6.164889658457413172e-29
1.686228440686298458e-28
6.140828938242304429e-29
3.026308988661196326e-28
6.486718015011296947e-29
1.767051836739911950e-28
7.905676657291124663e-29
7.662969176852821473e-28
8.036154938220141410e-29
1.709578703307608321e-28
5.528012282612084341e-29
3.094913404579265546e-28
5.236248479039329248e-29
1.585311538572745770e-28
5.650310230289929284e-29
1.539378030268112585e-27
5.334535083114052951e-29
1.611168643007746168e-28
5.309787043069287353e-29
3.051653792660499052e-28
5.889995413166292889e-29
1.793717683082314767e-28
8.790906578308589647e-29
7.164706823149903278e-28
7.665524739243464593e-29
1.851627792584670849e-28
5.861781207733012915e-29
3.061496449418855386e-28
5.072153875634853472e-29
1.513311822970813790e-28
5.334483178300101879e-29
6.045591589693932397e-27
5.198889497497492950e-29
1.534622485092647656e-28
5.154078782118343027e-29
3.061794168952167997e-28
5.787965621340922847e-29
1.774903895531083764e-28
7.696039089559198082e-29
7.164706823149903278e-28
8.544789673195437263e-29
1.876264296074651772e-28
5.864252017432521547e-29
3.051562236215079706e-28
5.248285530374519023e-29
1.564221972578692867e-28
5.592565642481631579e-29
1.539378030268112585e-27
5.418894476693393104e-29
1.562768341862941003e-28
5.327715928733935200e-29
3.094945788974807520e-28
5.519015429192267017e-29
1.694219070025248138e-28
8.331386664810399330e-29
7.662969176852821473e-28
8.770870788519618150e-29
1.856680119441364803e-28
6.251889246026939108e-29
3.026501338533902940e-28
5.744816357362256451e-29
1.649836718193330907e-28
6.278326837690416200e-29
2.077127732812050219e-27
7.097182266632606088e-29
1.612872321158971507e-28
6.993089175817760718e-29
3.627942845155675572e-28
8.219756256244282125e-29
3.236462945468273578e-28
1.369971657048354808e-28
9.567701035285066550e-28
1.603505679735580053e-28
5.792128989368044091e-28
2.923711737153340256e-28
4.567965131596785486e-28
1.475745887577579876e-26
9.925036461958384605e-21
6.841477501422011463e-15
2.000287564706887346e-10
2.908544064155420324e-06
5.918279481757993989e-03
6.200680162117826022e+00
7.001749431118112987e+00
3.868513259110630429e+02
3.481626751657749082e+03
2.597897044547787573e+03
3.921135775538318740e+03
3.138143626606167800e+03
3.547148204931518649e+03
1.095554128115083813e+03
4.840068571181741497e+00
1.849073912000369124e-06
1.186408301303300269e-08
8.326725859915038005e-12
