2.193075174182201736e+06
2.898112564094715608e-11
4.934061855808305169e-08
5.432176640869700630e-06
4.514017934438059321e+00
1.058694608363392945e+03
3.975143660705021375e+03
4.442621512398557570e+03
4.223315619430926745e+03
2.010476940960572847e+03
2.806963105446906866e+03
4.733570323893938507e+02
3.681959005661666673e+00
3.354344621558702055e+00
3.833214089820075141e-03
2.926745230655822705e-06
3.538468595248705531e-10
1.983471684782092356e-14
4.309794734902117152e-20
1.218632547386348287e-25
6.345336764184128295e-28
2.432293867434444582e-28
6.603949814970734298e-28
2.028216529762341504e-28
1.021526217071313607e-27
2.169770607792144575e-28
2.998703872526339437e-28
9.193286462365005515e-29
3.489715864599515613e-28
7.436419659959932772e-29
1.684381160946305314e-28
8.561923963768903244e-29
2.018532384033064544e-27
6.282160202545436052e-29
1.694806104948685027e-28
6.540903442986810017e-29
3.024371022257238776e-28
6.734086440183213509e-29
1.823168696484139099e-28
8.612332785467455477e-29
7.389054874280554815e-28
7.934902719112305154e-29
1.676683664948775800e-28
5.611647654864832732e-29
3.083917850723079313e-28
5.226770779360726072e-29
1.569242768673670780e-28
5.846778171910420982e-29
1.536866461826175747e-27
5.504616448925610613e-29
1.604552846756308745e-28
5.336414979371355477e-29
3.032756780636932825e-28
6.183658365305542548e-29
1.806670145661599430e-28
8.985035340608963283e-29
7.150764114091517772e-28
8.288567314026890859e-29
1.896559459929661928e-28
5.910931805868499023e-29
3.006214445681159208e-28
5.116761664424562646e-29
1.500540691580551298e-28
5.570293683541212364e-29
5.873181201183224162e-27
5.380773511286951706e-29
1.515065920298638846e-28
5.239736981557124076e-29
3.006206411066949464e-28
5.833681923085427980e-29
1.799532746046741154e-28
8.063554056632243156e-29
7.150764114091517772e-28
8.952864289884295284e-29
1.836775784041641839e-28
5.771074165008552397e-29
3.032829202331373619e-28
5.313735091826775788e-29
1.557482172452776971e-28
5.766688917459863146e-29
1.536866461826175747e-27
5.582269279069581598e-29
1.535850624460631180e-28
5.285350520646274042e-29
3.083734529784541826e-28
5.590515581292191492e-29
1.665735533825539303e-28
8.244736748361025639e-29
7.389054874280554815e-28
9.759960911971202232e-29
1.916449080318075915e-28
6.683963543904713837e-29
3.024581714382849878e-28
5.986496713632601826e-29
1.643622807727560885e-28
6.453035070277018832e-29
2.018532384033064544e-27
8.267868041535874952e-29
1.656156292529222419e-28
7.447494053375929358e-29
3.490215582274435924e-28
9.088404965919141883e-29
2.963788671975699829e-28
2.076063856825107808e-28
1.021526217071313607e-27
2.008442662625632087e-28
6.597951778388668270e-28
2.376222414726344043e-28
6.346156927471060300e-28
1.218840533863586330e-25
4.309786249111366605e-20
1.983471688971012552e-14
3.538468595248705531e-10
2.926745230655584688e-06
3.833214089820088152e-03
3.354344621558702055e+00
3.681959005661666229e+00
4.733570323893938507e+02
2.806963105446906866e+03
2.010476940960573302e+03
4.223315619430926745e+03
4.442621512398558480e+03
3.975143660705022285e+03
1.058694608363392945e+03
4.514017934438059321e+00
5.432176640869787874e-06
4.934061855809341461e-08
2.898112564228270057e-11
