1.981165428543629823e+06
7.751899504187408215e-12
1.077595785798697539e-08
1.703069476626950568e-06
4.800678682976149858e+00
1.119750321241389429e+03
3.520454612398069912e+03
3.049192890513886596e+03
3.891428384284874028e+03
2.566814928890998090e+03
3.321832944674859846e+03
3.847312847260525928e+02
6.858151117722460555e+00
6.001158292211683509e+00
5.610991650222115802e-03
2.753830059154816115e-06
1.904663451564614642e-10
6.441357173089772456e-15
9.244804842711677869e-21
1.351364040537643264e-26
4.415131871769188798e-28
2.858031442400208010e-28
4.977693885739248220e-28
1.525141212878328039e-28
9.470315668429369916e-28
1.358057346129112001e-28
3.153000872806203647e-28
7.995180687891764195e-29
3.604746305496162559e-28
6.832778723680638571e-29
1.639623024819791857e-28
7.219038382113405248e-29
2.047183532264318957e-27
6.142990277848881828e-29
1.672784637746520732e-28
6.230040641987549033e-29
3.012507499722679617e-28
6.407849266317197796e-29
1.736195137532239055e-28
7.681044590172330841e-29
7.562751411278354587e-28
7.699382841023924392e-29
1.660973074918107463e-28
5.526226054526582981e-29
3.083479300697668306e-28
5.219858857484810185e-29
1.570354046926583059e-28
5.577851274450163467e-29
1.522437197734941790e-27
5.240209055897512874e-29
1.602343453463037701e-28
5.213835294224244754e-29
3.063250756824343689e-28
5.834982099682215448e-29
1.802016646180515374e-28
8.576835682014059058e-29
7.059309270987685455e-28
7.652737086783049733e-29
1.843565776759031931e-28
5.797447068470484769e-29
3.011382828616239077e-28
5.037656321570995220e-29
1.490923832382984178e-28
5.314641986231109754e-29
5.945849004428139241e-27
5.186157648280551407e-29
1.506586163414155005e-28
5.084777724533262670e-29
3.011002411812154029e-28
5.734836177951632332e-29
1.771240493504493957e-28
7.648544754043933010e-29
7.059309270987685455e-28
8.400803284185627615e-29
1.858006794538343821e-28
5.770762847834528883e-29
3.063463180581564687e-28
5.143067888201436871e-29
1.549055450855167218e-28
5.486423460974923998e-29
1.522437197734941790e-27
5.357457191336404248e-29
1.541858765091381636e-28
5.305637510008826117e-29
3.083712279666030419e-28
5.522680701653908149e-29
1.660702331326905281e-28
8.106366038291179241e-29
7.562751411278354587e-28
8.511244657701362416e-29
1.815859440819840264e-28
6.145144130732984769e-29
3.012725724956216686e-28
5.857699414512653504e-29
1.636523825651482949e-28
6.248129810075953531e-29
2.047183532264318957e-27
6.935618917823734336e-29
1.613229269865581073e-28
6.829424105341603012e-29
3.604432717350920633e-28
7.894518171824510255e-29
3.119976034439199394e-28
1.296928496181880134e-28
9.470315668429369916e-28
1.542135710838998937e-28
4.964864993676037235e-28
2.780314026999552423e-28
4.415051307759173636e-28
1.352124608304258882e-26
9.244887291338832524e-21
6.441357228390800190e-15
1.904663451564614642e-10
2.753830059153954259e-06
5.610991650222123608e-03
6.001158292211684397e+00
6.858151117722459666e+00
3.847312847260525359e+02
3.321832944674859846e+03
2.566814928890998090e+03
3.891428384284874028e+03
3.049192890513886596e+03
3.520454612398069912e+03
1.119750321241389429e+03
4.800678682976150746e+00
1.703069476626594814e-06
1.077595785796303017e-08
7.751899504013222072e-12
