2.189326899904832710e+06
2.857610240801880715e-11
4.866870348635296947e-08
5.402304271873864267e-06
4.447550200088615568e+00
1.049742844338832811e+03
3.944185398183819871e+03
4.348727137968655370e+03
4.093774981922187180e+03
2.065193985823205821e+03
2.862772245818331157e+03
4.834178484668096303e+02
3.782299922931447789e+00
3.382914375822988262e+00
3.820347323868903029e-03
2.874245018438685966e-06
3.429486486267122897e-10
1.907633108521892418e-14
4.124861865531265197e-20
1.158171792172761457e-25
6.173983323454930476e-28
2.363544325196068216e-28
6.472103420093916816e-28
2.013215605183226004e-28
1.015157689020035313e-27
2.093067985182448776e-28
3.030684322503319190e-28
9.107501144047815336e-29
3.476951276357992366e-28
7.331141656709167275e-29
1.672240216113210920e-28
8.375155321591545264e-29
1.955450516426106771e-27
6.217899460209970363e-29
1.678621809497565267e-28
6.462357134592223762e-29
2.956591190790574419e-28
6.676099802458173306e-29
1.800326617759980427e-28
8.477647980577483561e-29
7.514552494635525881e-28
7.847432247422856764e-29
1.662232679382405178e-28
5.591900857694020454e-29
3.045619021759565779e-28
5.278179526060553342e-29
1.581574149532817561e-28
5.817881593692421120e-29
1.541464483279411857e-27
5.461427193746453582e-29
1.601623505011812947e-28
5.290169499928893750e-29
3.040070617024936432e-28
6.071848371245216661e-29
1.792000071569296188e-28
8.960505205075327886e-29
7.102942872026171569e-28
8.312374167571155211e-29
1.888969195665977459e-28
5.960366907710295941e-29
3.020056318952512442e-28
5.108330281383997755e-29
1.508787142323405269e-28
5.536778630661613020e-29
5.620233461447517951e-27
5.354493351475420365e-29
1.529244601502241128e-28
5.248640698985608615e-29
3.019875582833307530e-28
5.867587529330601577e-29
1.786688288820727319e-28
8.127521021202506332e-29
7.102942872026171569e-28
8.971562050053396003e-29
1.845673679084522485e-28
5.806694103564939253e-29
3.039866861174823881e-28
5.305104923872714281e-29
1.554230239117026006e-28
5.692045398205392024e-29
1.541464483279411857e-27
5.552087025163570910e-29
1.556328598404395393e-28
5.346018543185129344e-29
3.045390045318186302e-28
5.563855679310585360e-29
1.646671365595335388e-28
8.193720784482782159e-29
7.514552494635525881e-28
9.530773783914077384e-29
1.889999212354135866e-28
6.621741257333540063e-29
2.956587952492440563e-28
5.937038465137720910e-29
1.634538140397023034e-28
6.359914739985985380e-29
1.955450516426106771e-27
8.027544006252928373e-29
1.644832315511021737e-28
7.414570446386548250e-29
3.477350542207630730e-28
8.955990285016550697e-29
2.997179716261399934e-28
2.001031062577689724e-28
1.015157689020035313e-27
2.002598460109322573e-28
6.463563394154518678e-28
2.308792989508821750e-28
6.175091923910836718e-28
1.158407548696830955e-25
4.124854206543474778e-20
1.907633112677527101e-14
3.429486486267122897e-10
2.874245018438483525e-06
3.820347323868912570e-03
3.382914375822988262e+00
3.782299922931447789e+00
4.834178484668096871e+02
2.862772245818331612e+03
2.065193985823205821e+03
4.093774981922187180e+03
4.348727137968655370e+03
3.944185398183819871e+03
1.049742844338832811e+03
4.447550200088615568e+00
5.402304271873806669e-06
4.866870348636484779e-08
2.857610240937492776e-11
