1.966644837284459965e+06
6.684204167928073596e-12
8.769951711683245816e-09
1.559922998093312833e-06
4.455014360292191888e+00
1.219266020717645688e+03
3.217143153651365537e+03
2.928812352554324661e+03
4.015280769286365285e+03
2.728945519313482691e+03
3.338931519566491261e+03
4.409963230613317364e+02
7.104184108151461174e+00
5.969682946622944186e+00
5.330086633540407140e-03
2.456628228648539908e-06
1.593413863536049530e-10
4.992738887095910491e-15
6.498834449464485350e-21
8.665937274005230986e-27
4.065951918383872466e-28
2.480772129215033099e-28
4.194281172571368588e-28
1.366384407840430311e-28
9.118676396673726046e-28
1.270811034066814741e-28
2.939533363783002296e-28
7.526003584828222938e-29
3.404127850671019132e-28
6.622118337603578711e-29
1.643855500916863452e-28
6.992292330097029114e-29
2.025025802463423601e-27
5.923363130209803604e-29
1.637487853050051743e-28
5.930725775323856496e-29
3.006258233075817407e-28
6.485565500612554188e-29
1.734036555638831889e-28
7.538435804076719962e-29
7.444530195673788533e-28
7.372710413285238112e-29
1.657748505243003372e-28
5.483365674024460655e-29
3.028822408720867837e-28
5.117860260862707199e-29
1.553423590856748351e-28
5.622758498563043589e-29
1.530554080392878026e-27
5.160570665099983884e-29
1.572051694345655381e-28
5.206456463032979572e-29
3.060513516721111532e-28
5.715262068679654428e-29
1.743173110551859640e-28
8.402412084188692711e-29
7.016589070866961594e-28
7.305483109533729071e-29
1.802799583995505540e-28
5.919504815720690957e-29
3.014345979089222105e-28
5.034965632704277837e-29
1.494990081846630346e-28
5.320271737454631524e-29
5.874295632764858192e-27
5.175995828086329532e-29
1.510993381004023072e-28
5.083553205558089621e-29
3.014432664973198636e-28
5.848303580303667921e-29
1.725220603378878982e-28
7.350337980845828037e-29
7.016589070866961594e-28
8.347439535817498578e-29
1.815072745052976341e-28
5.678134222949016925e-29
3.060262152878306882e-28
5.158091302937990162e-29
1.527288460140829165e-28
5.392080349169757703e-29
1.530554080392878026e-27
5.377753781444482714e-29
1.535567278025414013e-28
5.204586630764411593e-29
3.028899761201442955e-28
5.481611352612400722e-29
1.640966457085179070e-28
7.705268969668094047e-29
7.444530195673788533e-28
8.365727503040446890e-29
1.808615976003152731e-28
6.104695788420435776e-29
3.006292869340965215e-28
5.626677678784018167e-29
1.603445553325503033e-28
6.003892076852934272e-29
2.025025802463423601e-27
6.655702562519259909e-29
1.610070332960594298e-28
6.656628081150516677e-29
3.403718583447076707e-28
7.433496307366827699e-29
2.914408766248976505e-28
1.213605594753131791e-28
9.118676396673726046e-28
1.396058291806771361e-28
4.201588590450676825e-28
2.438366594751626033e-28
4.065842294106646023e-28
8.636926797037148174e-27
6.498895257954441409e-21
4.992738944061586197e-15
1.593413863536049530e-10
2.456628228647981713e-06
5.330086633540411477e-03
5.969682946622945074e+00
7.104184108151461174e+00
4.409963230613317364e+02
3.338931519566491716e+03
2.728945519313482691e+03
4.015280769286365285e+03
2.928812352554325116e+03
3.217143153651365992e+03
1.219266020717645688e+03
4.455014360292191888e+00
1.559922998092980161e-06
8.769951711679558245e-09
6.684204167672790634e-12
