1.965190044706075918e+06
6.569223932531262177e-12
8.521550444381828926e-09
1.540719048171896637e-06
4.368124412199678730e+00
1.232569085759267409e+03
3.176231885742075519e+03
2.917950554271053988e+03
4.034241331081947010e+03
2.758053936643146699e+03
3.394142379007843829e+03
4.523461273492319492e+02
7.033762277410817276e+00
5.923723741089509609e+00
5.279972644709809808e-03
2.410914455874873326e-06
1.553299315609401639e-10
4.828337906165588790e-15
6.185026266660088444e-21
8.132031645977240039e-27
3.987710407730180666e-28
2.462952452397416986e-28
4.149556127501128606e-28
1.356061977953315708e-28
9.025268963087425498e-28
1.285996011029197481e-28
2.940166703984739170e-28
7.440104001429336390e-29
3.387433490117149824e-28
6.620805437294339083e-29
1.616128348673087687e-28
6.985394236735194465e-29
2.041198587052602797e-27
5.850437965593475915e-29
1.645888803631445057e-28
6.027694212433165883e-29
2.997622392874184625e-28
6.319788892661824662e-29
1.714624016321684122e-28
7.461557067904159736e-29
7.399612790718189085e-28
7.403280816289788581e-29
1.649435075312010055e-28
5.439297070178559649e-29
3.032142159455045005e-28
5.162994810622129349e-29
1.556827731792064583e-28
5.591860449123070127e-29
1.517861308253134531e-27
5.235796078434406201e-29
1.567930732983168479e-28
5.249564747269892306e-29
3.036907255925130307e-28
5.726000136338645853e-29
1.734418823826390110e-28
8.351023214722280906e-29
7.007287294267752353e-28
7.346612890487662626e-29
1.802576598288493487e-28
5.934434224489378064e-29
2.995849357482879618e-28
5.007153329400539841e-29
1.497317765941286530e-28
5.303601736621082270e-29
6.046955324785809948e-27
5.164639053290274179e-29
1.516267306621635590e-28
5.081485592974223450e-29
2.995426868941960331e-28
5.882907083357944582e-29
1.729352366610224996e-28
7.284994584230875947e-29
7.007287294267752353e-28
8.272885943900524327e-29
1.803750250011083660e-28
5.664071048180784780e-29
3.036602864617700936e-28
5.204078889632840749e-29
1.514315792074272728e-28
5.515146960637988201e-29
1.517861308253134531e-27
5.329364397973636761e-29
1.538025195553349654e-28
5.229485464434789826e-29
3.032164346476414704e-28
5.437894451150627525e-29
1.637529388314273587e-28
7.677488161418724628e-29
7.399612790718189085e-28
8.218863763821372580e-29
1.792267473658842187e-28
5.997259021711236745e-29
2.997628653328424477e-28
5.667646043595213937e-29
1.610543162658221388e-28
5.914085368061376271e-29
2.041198587052602797e-27
6.660139937541113222e-29
1.583485278096817438e-28
6.659341171618806793e-29
3.387092998407205517e-28
7.354488884393347123e-29
2.910926054120517792e-28
1.230517778581353387e-28
9.025268963087425498e-28
1.371165692182335868e-28
4.159530545021413810e-28
2.428160024110803802e-28
3.987067461153418078e-28
8.096476039586769976e-27
6.185085432315556421e-21
4.828337967264236940e-15
1.553299315609401639e-10
2.410914455874428634e-06
5.279972644709827155e-03
5.923723741089511385e+00
7.033762277410817276e+00
4.523461273492319492e+02
3.394142379007844738e+03
2.758053936643146699e+03
4.034241331081947010e+03
2.917950554271054443e+03
3.176231885742075974e+03
1.232569085759267409e+03
4.368124412199678730e+00
1.540719048171606740e-06
8.521550444380050488e-09
6.569223932339745632e-12
