1.963770274188584182e+06
6.470857441527745048e-12
8.299530101067430891e-09
1.518371189465373806e-06
4.284055556586635838e+00
1.245507351380728551e+03
3.145840947365457396e+03
2.909817852838971248e+03
4.041588484755921854e+03
2.792288740083735320e+03
3.467160925183764448e+03
4.651014227252239834e+02
7.054705702284001845e+00
5.953030906158244484e+00
5.284423764395269202e-03
2.388825453844836809e-06
1.530947616842500712e-10
4.719551988232933014e-15
5.931408126332977672e-21
7.658276469627489140e-27
4.001251144644353671e-28
2.489480155546254774e-28
4.067352752543351511e-28
1.352723699137999249e-28
9.127564165977335661e-28
1.301962713909463164e-28
2.940027814741761133e-28
7.457589847557430948e-29
3.438497488983427273e-28
6.665168550071633679e-29
1.630163814997069469e-28
6.935137888865339627e-29
2.007017959868522857e-27
5.895228608769335542e-29
1.625742587053159037e-28
5.970842556906490411e-29
3.002386797423247887e-28
6.479106953050558814e-29
1.717407419765454238e-28
7.403657102046534410e-29
7.447515843664366312e-28
7.396288867219817645e-29
1.669598385046612892e-28
5.449837393355455671e-29
3.033961868967907555e-28
5.175998852796992763e-29
1.536638316371670879e-28
5.527947082500925239e-29
1.545859187662925888e-27
5.243579358451541528e-29
1.576046989496643905e-28
5.217891909511776074e-29
3.006680309508196456e-28
5.712315738731923387e-29
1.762571911309438995e-28
8.546781745820592278e-29
7.041258636142376197e-28
7.234902975643770147e-29
1.796252201984909743e-28
5.902082521452639998e-29
2.990679148463600881e-28
5.064742782434324923e-29
1.502165686228130058e-28
5.263299504115867863e-29
5.834185828768078730e-27
5.109802512510716483e-29
1.516614592633506856e-28
5.132844106925111065e-29
2.990903171507928081e-28
5.836172978583031275e-29
1.725132880070692002e-28
7.351774841437414290e-29
7.041258636142376197e-28
8.329895342399718573e-29
1.844318159714518348e-28
5.675302491368739469e-29
3.006538676540020661e-28
5.161993958221751014e-29
1.519124681683686591e-28
5.471397006460492367e-29
1.545859187662925888e-27
5.288477271679892837e-29
1.520135486225956562e-28
5.268732548872736938e-29
3.034142869643514842e-28
5.428482043513436533e-29
1.664687979749239904e-28
7.666026965778138330e-29
7.447515843664366312e-28
8.185530200992621029e-29
1.795537824450386605e-28
6.096515687068395771e-29
3.002540642608909488e-28
5.649808418583581581e-29
1.589746700570650528e-28
5.988771920796104736e-29
2.007017959868522857e-27
6.650996790189868667e-29
1.598435674746484005e-28
6.664063781699673700e-29
3.438434278157839576e-28
7.392963881074114288e-29
2.915182500337865019e-28
1.239002274380805726e-28
9.127564165977335661e-28
1.359684659239479323e-28
4.084214329572483077e-28
2.460948067689196778e-28
4.000890535413213275e-28
7.615346702601532357e-27
5.931463040373647495e-21
4.719552050458630683e-15
1.530947616842500712e-10
2.388825453844402705e-06
5.284423764395271804e-03
5.953030906158244484e+00
7.054705702284001845e+00
4.651014227252240403e+02
3.467160925183764448e+03
2.792288740083735320e+03
4.041588484755921854e+03
2.909817852838972158e+03
3.145840947365458305e+03
1.245507351380728551e+03
4.284055556586635838e+00
1.518371189465067180e-06
8.299530101068368913e-09
6.470857441362840454e-12
