1.961077972833045060e+06
6.330088677871802443e-12
7.869982713799483357e-09
1.462253714543548223e-06
4.069927545135565872e+00
1.263416567926397647e+03
3.120688337106355448e+03
2.903132512492893511e+03
4.001201498718609855e+03
2.860038963057810633e+03
3.633020696533185856e+03
4.910476997040828451e+02
7.133331025058819108e+00
6.065536845320646187e+00
5.369979510326985950e-03
2.385489616281736597e-06
1.518156507429221940e-10
4.627872361751601317e-15
5.619646179163744978e-21
7.057162683893369426e-27
3.862464189859893807e-28
2.504425196546491838e-28
3.945237808673603927e-28
1.328466544832846796e-28
8.917188323089504209e-28
1.278613066815932880e-28
2.882903407482019998e-28
7.455239715661315960e-29
3.389205829120224225e-28
6.631529967956384331e-29
1.623539053100410999e-28
6.899621916438708056e-29
1.986743171747175984e-27
5.829360831114228995e-29
1.626286081841734694e-28
5.988764110719250826e-29
2.972094016211978251e-28
6.328554587080418804e-29
1.695552555956095166e-28
7.478135269433973844e-29
7.347845643246233509e-28
7.186013499452923526e-29
1.673292072299668786e-28
5.529869777931622109e-29
3.025504081549691249e-28
5.206503869607793030e-29
1.532259639514224478e-28
5.544982085646563656e-29
1.542964073360441592e-27
5.251368358595128433e-29
1.564574456223118477e-28
5.250166235467226574e-29
3.010895224315997735e-28
5.712794373744418543e-29
1.764259275098251952e-28
8.473881259216748058e-29
7.029095258022501863e-28
7.331212040479650129e-29
1.785309183037101917e-28
5.987387357435694724e-29
3.015017235564508694e-28
5.090349870121124576e-29
1.485910435508511052e-28
5.235697188119762352e-29
5.831553479895360525e-27
5.116018112007010807e-29
1.501767120174221436e-28
5.139327565071342728e-29
3.015168429505928291e-28
5.870529939035809478e-29
1.711063392852199036e-28
7.435495891613127376e-29
7.029095258022501863e-28
8.413893526963557722e-29
1.831227716512538946e-28
5.668629824530877268e-29
3.010557915574796314e-28
5.226506445985415215e-29
1.514504836578851112e-28
5.474823229264782755e-29
1.542964073360441592e-27
5.265893725720004522e-29
1.514242166339150962e-28
5.294308508920758370e-29
3.025661481352805957e-28
5.489307218584257713e-29
1.682825830714573625e-28
7.624619082381522337e-29
7.347845643246233509e-28
8.283031492305950825e-29
1.769840965083589599e-28
6.028603740273563407e-29
2.972149203970430426e-28
5.655308754304616458e-29
1.593551498152940768e-28
5.976276291491220082e-29
1.986743171747175984e-27
6.632589055590141125e-29
1.591659720766366496e-28
6.670294922615001986e-29
3.389465886413627682e-28
7.361293709819486867e-29
2.849586314075780131e-28
1.220932201656032980e-28
8.917188323089504209e-28
1.338542193462423306e-28
3.969535507677484859e-28
2.478750012315561451e-28
3.862270527147372229e-28
7.003331150810210805e-27
5.619695375045218559e-21
4.627872419369288704e-15
1.518156507429221940e-10
2.385489616281481640e-06
5.369979510327007634e-03
6.065536845320647963e+00
7.133331025058819108e+00
4.910476997040828451e+02
3.633020696533186765e+03
2.860038963057811998e+03
4.001201498718609855e+03
2.903132512492893511e+03
3.120688337106355448e+03
1.263416567926397647e+03
4.069927545135565872e+00
1.462253714543295172e-06
7.869982713804196633e-09
6.330088677745253503e-12
