1.958607732240183046e+06
6.255800851414046422e-12
7.474458393978404895e-09
1.406617682801652298e-06
3.849992822039544293e+00
1.271269338770930744e+03
3.147895204404215747e+03
2.931446385877977264e+03
3.905005594036872026e+03
2.916548663846961972e+03
3.785017664794211214e+03
5.174184667715518344e+02
7.266231384470685839e+00
6.233578718140035058e+00
5.540698110965321284e-03
2.432570582078486944e-06
1.537555953140403256e-10
4.644488381645291058e-15
5.487555066109714252e-21
6.722775094434997542e-27
3.791765374792009744e-28
2.460272153393458662e-28
3.827840455352813510e-28
1.304738727579705179e-28
8.895457488145657993e-28
1.262698057156928294e-28
2.852156653427937152e-28
7.590525271458913722e-29
3.394042470849162810e-28
6.479134913714162157e-29
1.606007191290962098e-28
6.993813329640755568e-29
2.045466730286700979e-27
5.862096759979203714e-29
1.613040623279403666e-28
5.979629597582946661e-29
3.008101369137367864e-28
6.445875522229208750e-29
1.690350040573512818e-28
7.365260518271614455e-29
7.264924459824257885e-28
7.281861437364808270e-29
1.661177120542394485e-28
5.541052216636181911e-29
3.047814459476823135e-28
5.167019247506081030e-29
1.533589746390587265e-28
5.546229878013853404e-29
1.527511701134346773e-27
5.255081585534935186e-29
1.570610269347230755e-28
5.243486957364963230e-29
3.003837925172277648e-28
5.774784750133628273e-29
1.746871024842329792e-28
8.512445880273673141e-29
6.992390904021927365e-28
7.203810694529241011e-29
1.794987622211861255e-28
5.951798640764769609e-29
3.027600939842639284e-28
5.117792748544554970e-29
1.489631896131977941e-28
5.382093271286194432e-29
6.028813807925887943e-27
5.235943936141947842e-29
1.515708057262668126e-28
5.142649396471038780e-29
3.027270552506082231e-28
5.863941276388936080e-29
1.720029757429002055e-28
7.223077202173547657e-29
6.992390904021927365e-28
8.269850781523044233e-29
1.819701906066020963e-28
5.718218678958179756e-29
3.003983431792344488e-28
5.213463736851061281e-29
1.517061062751685510e-28
5.465092351543753804e-29
1.527511701134346773e-27
5.305148272260471910e-29
1.514625707597830003e-28
5.247165557318457396e-29
3.047857425093914851e-28
5.509672911660981664e-29
1.664850170106935589e-28
7.543280719981781018e-29
7.264924459824257885e-28
8.178200003905052591e-29
1.770174912091082456e-28
6.089643283244308621e-29
3.008180530740805059e-28
5.639011915331062955e-29
1.579810098921260999e-28
5.941617258509442093e-29
2.045466730286700979e-27
6.664751972282793147e-29
1.573968818951609893e-28
6.497591440320202192e-29
3.394452255961917344e-28
7.504695278009766937e-29
2.836926244791745963e-28
1.209125117112906634e-28
8.895457488145657993e-28
1.315494472399224226e-28
3.839618961418288715e-28
2.422375144419833198e-28
3.791530127162176923e-28
6.670534346539123581e-27
5.487599958253060784e-21
4.644488443666127072e-15
1.537555953140403256e-10
2.432570582078410287e-06
5.540698110965340366e-03
6.233578718140036834e+00
7.266231384470685839e+00
5.174184667715519481e+02
3.785017664794211214e+03
2.916548663846962882e+03
3.905005594036872026e+03
2.931446385877977264e+03
3.147895204404215747e+03
1.271269338770930972e+03
3.849992822039544293e+00
1.406617682801418093e-06
7.474458393986006685e-09
6.255800851349218565e-12
