1.956462259504678659e+06
6.182371995528432036e-12
7.095740892713296937e-09
1.373299286290175276e-06
3.658146554926734684e+00
1.268488786220377278e+03
3.184250414043831825e+03
2.980634984303587316e+03
3.778308413621255113e+03
2.949318159107781412e+03
3.890729217550695921e+03
5.382943829169915944e+02
7.363606755488811828e+00
6.358882290016072858e+00
5.698311389252571323e-03
2.486936717307978595e-06
1.565987565130122331e-10
4.722068919832004210e-15
5.506950519491049484e-21
6.680028250906208055e-27
3.727677419725612261e-28
2.418368311900160827e-28
3.705866950234320651e-28
1.280814166591844146e-28
8.790196841374848398e-28
1.260862485123755961e-28
2.880536240006062815e-28
7.425227185228402457e-29
3.417535177281441120e-28
6.432068532693533383e-29
1.602355436009304478e-28
6.906169018920185678e-29
2.053738357323891563e-27
5.870823494881587059e-29
1.634221900577110887e-28
6.068174453169386022e-29
2.991961628204946227e-28
6.511371522058706075e-29
1.683524830702179738e-28
7.462116844524179255e-29
7.287135230742764052e-28
7.300488785301951223e-29
1.647479194030087739e-28
5.572973810621039191e-29
3.030262276660874869e-28
5.185295737365495237e-29
1.542192548218053585e-28
5.572574586748360640e-29
1.532471104492887421e-27
5.204202588439355598e-29
1.576678981643763438e-28
5.288532846677316316e-29
3.012894966196173487e-28
5.835009797827043168e-29
1.741306684912377536e-28
8.526504150719407255e-29
6.934422892947497581e-28
7.395834870902679235e-29
1.804202196059559837e-28
5.923761919923608144e-29
2.963707910180440240e-28
5.050845260908988375e-29
1.500916578727772832e-28
5.346463549682206127e-29
5.923673296043371163e-27
5.198820386123718026e-29
1.522970749591577235e-28
5.076606596575397097e-29
2.963121493730441445e-28
5.864583996990178338e-29
1.721489979256987903e-28
7.359510080953843812e-29
6.934422892947497581e-28
8.445819668007720521e-29
1.814729540839417850e-28
5.811278348168874551e-29
3.012847651927944480e-28
5.207584762019912435e-29
1.518744882987093121e-28
5.450619885390329455e-29
1.532471104492887421e-27
5.354931710269130950e-29
1.521674550466660341e-28
5.276881148370778526e-29
3.030500309297250615e-28
5.541654156500004689e-29
1.629603391966231089e-28
7.586528883523960445e-29
7.287135230742764052e-28
8.185708002737519054e-29
1.761511607173163406e-28
6.196007102964819061e-29
2.991804102566649105e-28
5.686551764433266004e-29
1.597998776575050614e-28
5.990909111282917048e-29
2.053738357323891563e-27
6.580485072652623173e-29
1.571334255982455564e-28
6.429880552888013701e-29
3.417834855609677001e-28
7.344469619512783981e-29
2.855947920395736542e-28
1.211434809157440141e-28
8.790196841374848398e-28
1.294081387919184792e-28
3.727755223093894964e-28
2.374525281515781925e-28
3.727784656720564679e-28
6.633981274718574093e-27
5.506988530580154002e-21
4.722068976599536989e-15
1.565987565130122331e-10
2.486936717308098450e-06
5.698311389252593007e-03
6.358882290016072858e+00
7.363606755488811828e+00
5.382943829169917080e+02
3.890729217550695921e+03
2.949318159107781412e+03
3.778308413621255113e+03
2.980634984303587771e+03
3.184250414043831825e+03
1.268488786220377506e+03
3.658146554926734684e+00
1.373299286289965000e-06
7.095740892720142683e-09
6.182371995464316653e-12
