2.397221202661188785e+06
1.017096273756079058e-10
2.656943552900578705e-07
1.112523814867083200e-05
7.009350376898254353e+00
6.846354071241310066e+02
4.205746090583956175e+03
7.219322598668910359e+03
2.446341775762466568e+03
2.008862000642928251e+03
9.886305736093654559e+02
1.956211362204229260e+02
8.394509223038113532e-01
9.244724457226903835e-01
1.165784666066037832e-03
1.283387138600518408e-06
3.095018219878066299e-10
4.174416586324533433e-14
2.524767743281223416e-19
1.988910444899224137e-24
3.703727818733603662e-28
1.778003099436727864e-28
3.158114341018727488e-28
1.785426994088246437e-28
8.207489960989485491e-28
1.610513421929125093e-28
2.356510658129521260e-28
7.891168055428174648e-29
3.180131622890664739e-28
6.554191799953601001e-29
1.576095835245957778e-28
7.498502820516305057e-29
1.958410637693950571e-27
6.032836792169769545e-29
1.595705455992681028e-28
6.578788914394132900e-29
2.971071231926482587e-28
6.057133509957618448e-29
1.691490548834604059e-28
8.554529363043721404e-29
7.023070762462497336e-28
7.591094954187212733e-29
1.541131892548985921e-28
5.337973298422611431e-29
3.021663234540730595e-28
5.201579402809197623e-29
1.545689087147925881e-28
6.016180350727182703e-29
1.532825723368730595e-27
5.583277073596981778e-29
1.527488028854024374e-28
5.210859960706488725e-29
3.018029523536947668e-28
5.702119689799644575e-29
1.641282199663029740e-28
8.843539763057617136e-29
6.784427377847212953e-28
9.273811833535150184e-29
1.812604814776386915e-28
5.593155975571544083e-29
2.982446197420258738e-28
5.075508218653950377e-29
1.472827852530955520e-28
5.685678992683690908e-29
5.666538870162292921e-27
5.422691142415708461e-29
1.479164207267516543e-28
5.230979183116222939e-29
2.982132324175462810e-28
5.568068862449306920e-29
1.713966755998114049e-28
8.683982495034815828e-29
6.784427377847212953e-28
8.739503425366166647e-29
1.667796778789195439e-28
5.396555180587924851e-29
3.018054908917906028e-28
5.238758243264596608e-29
1.496897662323530192e-28
5.919340204685410760e-29
1.532825723368730595e-27
5.595751441121852855e-29
1.512497475791975722e-28
5.261599415277350123e-29
3.021730568955041510e-28
5.367122662779802571e-29
1.539462926088736766e-28
8.427812021455059132e-29
7.023070762462497336e-28
1.012921941833707605e-28
1.798518519322960853e-28
5.999468753688780568e-29
2.971272980404026129e-28
5.701009122044435352e-29
1.547076749679656838e-28
6.317757107583097317e-29
1.958410637693950571e-27
6.983929228648567716e-29
1.563189279387890327e-28
6.695493446267840553e-29
3.181062599656838363e-28
7.801972048695138994e-29
2.318170998233210916e-28
1.494082605500294242e-28
8.207489960989485491e-28
1.774941620777745272e-28
3.162135881151413689e-28
1.668696897716097828e-28
3.703129548548366575e-28
1.988270425029280800e-24
2.524771414397165327e-19
4.174416581437777414e-14
3.095018219878066299e-10
1.283387138601418169e-06
1.165784666066036965e-03
9.244724457226903835e-01
8.394509223038115753e-01
1.956211362204229260e+02
9.886305736093654559e+02
2.008862000642928706e+03
2.446341775762466568e+03
7.219322598668910359e+03
4.205746090583957084e+03
6.846354071241310066e+02
7.009350376898254353e+00
1.112523814867230245e-05
2.656943552901918606e-07
1.017096273751452534e-10
