2.396705543368943036e+06
9.955587839829993903e-11
2.551683384199573280e-07
1.101867561873778298e-05
6.747385608953101688e+00
6.467242955580279613e+02
4.160645352156499939e+03
6.954757968230253027e+03
2.403393196207311576e+03
1.965641835100100934e+03
1.027624275524721497e+03
1.926766002617686127e+02
8.221208953536898179e-01
8.999161471325496375e-01
1.130489417402778503e-03
1.197220622518693969e-06
2.789658548596643231e-10
3.651471521338741480e-14
2.148366965010073677e-19
1.654047839273494448e-24
3.655441510067618779e-28
1.798038977084499484e-28
3.181511864239338509e-28
1.732678653932809739e-28
8.300765500928438604e-28
1.572435933450546575e-28
2.393974189792314666e-28
7.681124831392362712e-29
3.158375770854839159e-28
6.364718929960666548e-29
1.570178085968649754e-28
7.566219307807146846e-29
1.973580747407167985e-27
5.943426231470047824e-29
1.589548892706141334e-28
6.444137128523168857e-29
2.975506701534305710e-28
6.002471600703938264e-29
1.702423746436559979e-28
8.192800560265349857e-29
7.011894726027991022e-28
7.474910143053819788e-29
1.570780886722903730e-28
5.245775896440795696e-29
3.002285492978499608e-28
5.114041692337752216e-29
1.555256910182300478e-28
6.021345241185584926e-29
1.529760243045236457e-27
5.409151246182655890e-29
1.520487222712563154e-28
5.147515515665751841e-29
2.980879529836029219e-28
5.581061420215798775e-29
1.654291900584495187e-28
8.666817406071664409e-29
6.781648666419137313e-28
9.108154758446659972e-29
1.817402597117400557e-28
5.540906937256663084e-29
2.964722657903649106e-28
5.096573570441056932e-29
1.468003821795685816e-28
5.580663401333133372e-29
5.673973536062123225e-27
5.314361181242536430e-29
1.475160702656870498e-28
5.247542915670580063e-29
2.964988302934060033e-28
5.526478736380574178e-29
1.717642046247473985e-28
8.620055781854222992e-29
6.781648666419137313e-28
8.586004246430599142e-29
1.680527570830214379e-28
5.359291307206540956e-29
2.980800193249007608e-28
5.174585824203708299e-29
1.492527227660512213e-28
5.766606588547120312e-29
1.529760243045236457e-27
5.558632509490559579e-29
1.522482652601925418e-28
5.198323041082064181e-29
3.002251515512970791e-28
5.224491420364032131e-29
1.558394697013932257e-28
8.140209155670836504e-29
7.011894726027991022e-28
9.814852679089526228e-29
1.800657983808317767e-28
5.947210767425493650e-29
2.975653597071929531e-28
5.596110237266067677e-29
1.542465006517925122e-28
6.216596885872109718e-29
1.973580747407167985e-27
6.964409313079453366e-29
1.556243468114546376e-28
6.505770407860690166e-29
3.158910020120764811e-28
7.584928432918227921e-29
2.359660000038159702e-28
1.461514436979118549e-28
8.300765500928438604e-28
1.712168103538461136e-28
3.180958901254635087e-28
1.693728793231184978e-28
3.655079344201261893e-28
1.653456728205926674e-24
2.148370217671329647e-19
3.651471516102985193e-14
2.789658548596643231e-10
1.197220622519518343e-06
1.130489417402775901e-03
8.999161471325498596e-01
8.221208953536898179e-01
1.926766002617686695e+02
1.027624275524721497e+03
1.965641835100100934e+03
2.403393196207311576e+03
6.954757968230253937e+03
4.160645352156499939e+03
6.467242955580279613e+02
6.747385608953101688e+00
1.101867561873916703e-05
2.551683384200893593e-07
9.955587839770402002e-11
