2.396528696901605930e+06
9.489258387854976256e-11
2.415257838839558234e-07
1.107998863515987257e-05
6.480158180896443021e+00
5.922370065272860984e+02
4.008916797731803854e+03
6.591826106346468805e+03
2.332864559330228985e+03
1.895623369649113556e+03
1.119917054646071847e+03
1.969352420082702224e+02
8.209852116171866276e-01
8.859539572480965575e-01
1.114203366180263870e-03
1.110474072330354249e-06
2.444002460478369442e-10
3.042307584765706860e-14
1.708182095685449929e-19
1.264609892773427748e-24
3.614944631539714466e-28
1.808816857813656318e-28
3.231249715448153435e-28
1.719444829602646078e-28
8.097204970818622043e-28
1.523083731887595128e-28
2.425451260132069576e-28
7.378069591379130896e-29
3.132160574737460086e-28
6.365742049891429146e-29
1.561732782745500541e-28
7.261170613024928022e-29
1.902831574820454371e-27
5.765941397790868031e-29
1.581401763588874831e-28
6.339873306616357516e-29
2.975675293729620677e-28
5.839987529362529667e-29
1.710349859339092108e-28
7.980010220240399964e-29
6.996572239859699457e-28
7.354763941743462229e-29
1.553191770714548545e-28
5.190941860128544038e-29
2.994293749058176582e-28
5.005519025341058169e-29
1.533277775109630771e-28
5.862506138800014443e-29
1.522152509650918377e-27
5.443371213691467301e-29
1.510629043620795163e-28
5.036075608783528698e-29
3.003284901642577277e-28
5.545747960603377896e-29
1.641776040738858929e-28
8.392151290008506438e-29
6.724402222410764148e-28
8.818864855046687450e-29
1.789324666369543662e-28
5.369171044854674214e-29
3.000832023304872930e-28
4.964896391185230611e-29
1.458034933320265584e-28
5.425108131543725424e-29
5.444051686387313890e-27
5.189100927527083033e-29
1.469955275019280668e-28
5.103395909090649439e-29
3.000547640126885772e-28
5.356256824242401766e-29
1.690648183254327273e-28
8.291772469681078800e-29
6.724402222410764148e-28
8.393818371881804087e-29
1.668262714604143212e-28
5.292376195839259224e-29
3.003119609946474545e-28
5.109527463893854382e-29
1.481108912215732690e-28
5.773169900815992115e-29
1.522152509650918377e-27
5.413852997716950298e-29
1.501801381110778630e-28
5.053523302564492562e-29
2.993884482851523032e-28
5.203421277810483742e-29
1.549057842328581457e-28
8.124380583327254769e-29
6.996572239859699457e-28
9.737976328304213218e-29
1.800509690107256024e-28
5.774280773544224188e-29
2.975870873564412807e-28
5.523753106298529656e-29
1.534049148776983530e-28
6.083093906553293448e-29
1.902831574820454371e-27
6.785042940181518467e-29
1.548874894368843151e-28
6.513495220274975571e-29
3.133022696180063572e-28
7.304306899286736818e-29
2.389684940934645437e-28
1.416072831463183555e-28
8.097204970818622043e-28
1.695297729680396790e-28
3.229972564675555637e-28
1.701954083383130486e-28
3.614884511879731609e-28
1.264122630263743331e-24
1.708184939602599182e-19
3.042307580016011322e-14
2.444002460478369442e-10
1.110474072331075710e-06
1.114203366180262569e-03
8.859539572480965575e-01
8.209852116171869607e-01
1.969352420082702224e+02
1.119917054646071847e+03
1.895623369649113556e+03
2.332864559330228985e+03
6.591826106346468805e+03
4.008916797731803399e+03
5.922370065272860984e+02
6.480158180896442133e+00
1.107998863516145652e-05
2.415257838840988132e-07
9.489258387754756862e-11
