2.402570132024412043e+06
1.127386253097707426e-10
3.367046287496036148e-07
1.141633638514937895e-05
8.084578619872216265e+00
8.257227643796441043e+02
3.830655493728021611e+03
7.311529288986478605e+03
2.727008317905621880e+03
2.215710259722074625e+03
9.454743722351788620e+02
2.385476162219949288e+02
1.047230977158627896e+00
1.268552116397076102e+00
1.776222518439977407e-03
2.399827448527907696e-06
6.828379247727985615e-10
1.055557959488791563e-13
7.237822828790277033e-19
6.394738080711182776e-24
4.441958167058165865e-28
1.912131155692644803e-28
3.229444091590632156e-28
1.964062475959595644e-28
8.773369398083288534e-28
1.787971914695541634e-28
2.356044835339939123e-28
8.119251052851689665e-29
3.217676832351070935e-28
7.121607894949180929e-29
1.618432267874567793e-28
7.829793579259724356e-29
1.953399591612297160e-27
6.362717743052504820e-29
1.607689779328363527e-28
7.343642380894789703e-29
2.974381804908642595e-28
6.476636980541681428e-29
1.710180978631673723e-28
9.087688803418835512e-29
7.238682728620484525e-28
8.132899287909025525e-29
1.577683733947743458e-28
5.540863710324429738e-29
2.996800335690192948e-28
5.250242814933219599e-29
1.528527495004035019e-28
6.319205498098851393e-29
1.523271579619972162e-27
5.696802441591026953e-29
1.528050725009722652e-28
5.332886670481422758e-29
2.998515403089351433e-28
5.844737751757933291e-29
1.647901061562807223e-28
9.095470145434734098e-29
6.890702587154662389e-28
9.444264277153495452e-29
1.792890205617720630e-28
5.777944597178831185e-29
2.981275212466856794e-28
5.143565622655767185e-29
1.471725626931401807e-28
5.797864831939220283e-29
5.878294333772054472e-27
5.511371727647660943e-29
1.481058074420590549e-28
5.311854687709648436e-29
2.981070733578523481e-28
5.718317340194265713e-29
1.708304655650003047e-28
9.050701958650639263e-29
6.890702587154662389e-28
8.888686129003660142e-29
1.661809843980912572e-28
5.599957232419415857e-29
2.998029217433075050e-28
5.368920950821226064e-29
1.492589720115616890e-28
6.053490487155875797e-29
1.523271579619972162e-27
5.872825449077886366e-29
1.496926960012463836e-28
5.318780481933902727e-29
2.996927082037864605e-28
5.562281121089783679e-29
1.567823166025102743e-28
9.054197668108617892e-29
7.238682728620484525e-28
1.110570714670508271e-28
1.807223099554982216e-28
6.365776141346392055e-29
2.974185402185558319e-28
6.230191874566631063e-29
1.559424624649227303e-28
6.661511690422570324e-29
1.953399591612297160e-27
7.254396776925612232e-29
1.600986741748654788e-28
7.380750935342784178e-29
3.217912465012883341e-28
8.023699239407676295e-29
2.307291541366419935e-28
1.615917955106814881e-28
8.773369398083288534e-28
1.971566069565890272e-28
3.225651845036464888e-28
1.761255071679225206e-28
4.441152674740930494e-28
6.393651043333574718e-24
7.237830035789417209e-19
1.055557958990050728e-13
6.828379247727985615e-10
2.399827448529390851e-06
1.776222518439977407e-03
1.268552116397075880e+00
1.047230977158628118e+00
2.385476162219949288e+02
9.454743722351788620e+02
2.215710259722074170e+03
2.727008317905621880e+03
7.311529288986480424e+03
3.830655493728021611e+03
8.257227643796441043e+02
8.084578619872216265e+00
1.141633638514987531e-05
3.367046287496483487e-07
1.127386253082789352e-10
