2.396682924210331403e+06
9.345061641074924260e-11
2.379743085285037619e-07
1.108159668951746183e-05
6.411501999021182563e+00
5.754648420933430089e+02
3.938293668914813225e+03
6.505979151994854874e+03
2.319108761300617971e+03
1.866323370506495166e+03
1.153225892836698222e+03
1.997152544199964836e+02
8.260466834082964560e-01
8.864808092393989813e-01
1.116097520979846859e-03
1.089976314143039082e-06
2.350965780738361286e-10
2.875701190187907960e-14
1.588440805276073589e-19
1.159367701230991435e-24
3.605648682213557004e-28
1.801681274677039437e-28
3.229425953531072305e-28
1.681918318060459561e-28
7.969626692343910778e-28
1.536302205778656307e-28
2.399587651213648168e-28
7.280353539312230383e-29
3.163907337405712892e-28
6.264384005116928375e-29
1.558017336059548567e-28
7.360618807317886083e-29
1.921731928718200700e-27
5.776037422491296422e-29
1.551748668658092133e-28
6.207868694640819608e-29
2.979240489133569269e-28
5.923637039405977123e-29
1.705100035950943896e-28
8.036893500724960093e-29
6.972218931827878880e-28
7.272262739612641715e-29
1.543703419206036087e-28
5.172229901762294245e-29
3.004217897611359564e-28
4.975963519278722495e-29
1.526500064843055956e-28
5.780075527419659242e-29
1.519417268908129248e-27
5.393536197461556678e-29
1.529465195433021932e-28
5.029716728454918935e-29
2.988414413614565086e-28
5.523555287447024834e-29
1.636158127498628965e-28
8.219973741268889938e-29
6.736323423965987368e-28
8.782935699281136241e-29
1.777397063420788114e-28
5.384682324752373190e-29
2.949078397925208237e-28
4.925786586798612309e-29
1.468882575731524078e-28
5.534127920057600564e-29
5.678465978152547768e-27
5.282272950854958409e-29
1.486050413461408370e-28
5.035448849598759014e-29
2.948912276463968274e-28
5.351573990152847178e-29
1.682721138108162031e-28
8.310958538594809161e-29
6.736323423965987368e-28
8.132474434636740064e-29
1.665304131745576123e-28
5.221423865130816992e-29
2.988184772081103799e-28
5.056629397382959168e-29
1.490145607788682347e-28
5.774597618203070636e-29
1.519417268908129248e-27
5.349529726176497913e-29
1.502204205036857427e-28
5.025374021879770784e-29
3.004252199828598941e-28
5.160669114789195151e-29
1.536451682665222620e-28
7.850742092070929933e-29
6.972218931827878880e-28
9.799383191317081498e-29
1.795663917104933651e-28
5.769705818626621375e-29
2.979592699846595914e-28
5.430152130170669807e-29
1.509382384219591081e-28
6.053466900784779568e-29
1.921731928718200700e-27
6.823017979901842461e-29
1.545060560880655963e-28
6.393903180176567748e-29
3.164487567052398088e-28
7.205900361740875064e-29
2.369786334675204899e-28
1.422911487129098189e-28
7.969626692343910778e-28
1.647129574181029793e-28
3.221871941919763025e-28
1.694047276920527475e-28
3.605530546241564302e-28
1.158905844476242915e-24
1.588443541821015477e-19
2.875701185162848217e-14
2.350965780738361286e-10
1.089976314143785318e-06
1.116097520979842956e-03
8.864808092393992034e-01
8.260466834082964560e-01
1.997152544199965405e+02
1.153225892836698222e+03
1.866323370506495166e+03
2.319108761300617971e+03
6.505979151994855783e+03
3.938293668914813225e+03
5.754648420933427815e+02
6.411501999021182563e+00
1.108159668951903900e-05
2.379743085286472016e-07
9.345061640972483111e-11
