2.397362412415147759e+06
7.274893186692378873e-11
1.914911014487408233e-07
9.837513872062549750e-06
5.579093483306694523e+00
5.586500102563175005e+02
4.037261844744820792e+03
5.776232072279571184e+03
2.752083151808457842e+03
2.097744054318796771e+03
1.157255235188059260e+03
2.076341530713889938e+02
9.070027948019282471e-01
8.226798607388958740e-01
1.041382568560700024e-03
8.551293672106510472e-07
1.438782713279345797e-10
1.414873164593581184e-14
6.391671970161966997e-20
3.817155861197770134e-25
3.546828346427972617e-28
1.819993419458343312e-28
3.253439372395606696e-28
1.607675393760505412e-28
7.987929617068832253e-28
1.530896609063100907e-28
2.372238389579207523e-28
7.367012551889710742e-29
3.154732642473036782e-28
6.628786347575958370e-29
1.606391904889898706e-28
7.767567507518246921e-29
1.952425439845357309e-27
5.834443923008556991e-29
1.581490408409713385e-28
6.422073684399320945e-29
2.998090972104802825e-28
5.982120680292145111e-29
1.723126106315928699e-28
8.764593696078107567e-29
6.924408591459719729e-28
7.673395752440305678e-29
1.534406055369087207e-28
5.214563670846490779e-29
2.989935240313846178e-28
4.987769897109345864e-29
1.516359104360375275e-28
5.949285692242453302e-29
1.516405826183521958e-27
5.377275191694730620e-29
1.524053478745074578e-28
5.010995812498366816e-29
2.994332534240309733e-28
5.570191394996189873e-29
1.686378746031180649e-28
8.707614300056700210e-29
6.782180864013288651e-28
8.832299907044480832e-29
1.788826675146472259e-28
5.406002911445222941e-29
2.972691837156266177e-28
4.970070486774964097e-29
1.460121323959410714e-28
5.398824635829886213e-29
5.694661119407557881e-27
5.170070534342016382e-29
1.469955393792813858e-28
5.101523806835171859e-29
2.972482593578486208e-28
5.408118068501999590e-29
1.699932890948218047e-28
8.398534153128284777e-29
6.782180864013288651e-28
8.585647666098810545e-29
1.704584144157576694e-28
5.368406699768407854e-29
2.994665014706995597e-28
5.052909800241472591e-29
1.492394471358524598e-28
5.708764663314667022e-29
1.516405826183521958e-27
5.551423400781941497e-29
1.491186012666112575e-28
5.035371435312237717e-29
2.990037800710023464e-28
5.245545145640872245e-29
1.533775901155508015e-28
8.392184234923272040e-29
6.924408591459719729e-28
1.022915293297036462e-28
1.814033233735829306e-28
5.881155725031777598e-29
2.998139365745896985e-28
5.665940683483630947e-29
1.538610363864113539e-28
6.127572708888627791e-29
1.952425439845357309e-27
7.239239354660963113e-29
1.593291770939022300e-28
6.798953822708755285e-29
3.154895775140238849e-28
7.299539931163225212e-29
2.330411409016248147e-28
1.435131033083673739e-28
7.987929617068832253e-28
1.578001308043814545e-28
3.245006739531973479e-28
1.725698798657261995e-28
3.546571990343673395e-28
3.816974702807363961e-25
6.391678372768608286e-20
1.414873162202011615e-14
1.438782713279345797e-10
8.551293672112883336e-07
1.041382568560696121e-03
8.226798607388957629e-01
9.070027948019282471e-01
2.076341530713890506e+02
1.157255235188059260e+03
2.097744054318796771e+03
2.752083151808457842e+03
5.776232072279573003e+03
4.037261844744820792e+03
5.586500102563175005e+02
5.579093483306692747e+00
9.837513872064270921e-06
1.914911014487925453e-07
7.274893186541981928e-11
