2.396413416664709803e+06
7.018522899286096364e-11
1.841655736711377635e-07
9.706623266280152616e-06
5.626908278077061176e+00
5.687738571371532998e+02
4.088810314825651858e+03
5.594574859764227767e+03
2.884258207078237774e+03
2.162175448823750685e+03
1.133004859962239152e+03
2.066690230896348623e+02
8.983472363068565336e-01
7.994937401766987195e-01
1.004629442813017312e-03
8.096394241985328935e-07
1.316017904027512183e-10
1.256253363798909295e-14
5.538094713062723866e-20
3.224028785983352212e-25
3.528559123886727477e-28
1.817571859480808876e-28
3.346670709340882945e-28
1.662766415157472876e-28
8.050225576337452399e-28
1.550423384476510060e-28
2.392481983329278954e-28
7.185543207433306798e-29
3.152190222028243046e-28
6.770857298019652770e-29
1.605992398997242839e-28
7.790405487321982700e-29
1.992357324479451195e-27
5.857123945084116399e-29
1.571576047152988523e-28
6.421167259368400594e-29
2.955798600896713625e-28
6.003622148040938939e-29
1.709700844042081825e-28
8.651810153199838794e-29
7.010669134468444354e-28
7.793546603795972344e-29
1.544363151196155834e-28
5.253678881402631746e-29
3.020965777698345578e-28
5.065383826812490677e-29
1.543651659445067828e-28
5.902026107300159888e-29
1.506690726125420979e-27
5.394129536864809976e-29
1.523885761910216232e-28
4.988761472927503143e-29
2.990927153237828534e-28
5.432329747753116099e-29
1.666956849546618640e-28
8.784586361736205251e-29
6.851639016494509780e-28
8.651456787905076392e-29
1.802586288576995336e-28
5.460030199616140721e-29
2.955366005382796644e-28
4.928137373723000230e-29
1.459026812438698920e-28
5.389716235459559859e-29
5.865660584876481075e-27
5.144856457936201971e-29
1.470608739498667894e-28
5.063292531761524268e-29
2.955098400120075503e-28
5.487427546299423620e-29
1.712755427369461546e-28
8.368382809139807716e-29
6.851639016494509780e-28
8.518843975615051070e-29
1.693644980692775806e-28
5.272910836961046627e-29
2.990707572839793107e-28
5.030040073682026531e-29
1.492261662623186231e-28
5.738188308621572929e-29
1.506690726125420979e-27
5.500745898235654866e-29
1.512121856661828138e-28
5.117332595982743890e-29
3.020967647926242391e-28
5.278855863887150670e-29
1.539957781738970244e-28
8.477104296063331143e-29
7.010669134468444354e-28
1.009114583848376157e-28
1.800236216969541244e-28
5.891346305949767451e-29
2.955874831820996909e-28
5.724052830250542066e-29
1.531897069893766559e-28
6.142511981952593672e-29
1.992357324479451195e-27
7.338490535305116538e-29
1.594000156955119237e-28
6.917958699483105767e-29
3.152629134597802153e-28
7.115566958393088784e-29
2.346997223901086203e-28
1.465298037267698347e-28
8.050225576337452399e-28
1.628533566492149533e-28
3.340707639420113122e-28
1.728999710771555839e-28
3.528323413786470094e-28
3.224091545562700213e-25
5.538098802927540165e-20
1.256253361857999237e-14
1.316017904027512183e-10
8.096394241991948498e-07
1.004629442813012976e-03
7.994937401766986085e-01
8.983472363068565336e-01
2.066690230896348623e+02
1.133004859962239607e+03
2.162175448823750685e+03
2.884258207078237774e+03
5.594574859764227767e+03
4.088810314825650948e+03
5.687738571371531862e+02
5.626908278077061176e+00
9.706623266281911056e-06
1.841655736711810946e-07
7.018522899135117808e-11
