2.393467253335084766e+06
6.775499242384903720e-11
1.735679522162087803e-07
9.538981599718570573e-06
5.691189668761640341e+00
5.894183155680003665e+02
4.235662991077830156e+03
5.576624455294877407e+03
3.141808960086349543e+03
2.279538817530744382e+03
1.131163879576859244e+03
2.066969861206225971e+02
8.945385294539877075e-01
7.799954093314991344e-01
9.661088719273488177e-04
7.639372991699405307e-07
1.184872902398022919e-10
1.076713069897042151e-14
4.542437116035566047e-20
2.529755724950954297e-25
3.529132869334452831e-28
1.932931087890469652e-28
3.389386402990072096e-28
1.674985360690582202e-28
8.167712275935315713e-28
1.562791832415895015e-28
2.529414491104775419e-28
7.503388638095376545e-29
3.156416565097820384e-28
6.786032614656218496e-29
1.630472227775108751e-28
7.786047481037868546e-29
1.960888959603228185e-27
5.892219375708318967e-29
1.605197366617761269e-28
6.291530574571425283e-29
3.017038292980259971e-28
6.022840227123730693e-29
1.757578593390376269e-28
8.807052766798897354e-29
7.040329408536929838e-28
7.656903641297655023e-29
1.571777876760935282e-28
5.318275478807556884e-29
3.043702093822820119e-28
5.069099717919247731e-29
1.534386134088307573e-28
5.854870167760719527e-29
1.510656879001077339e-27
5.422380237453897731e-29
1.506459570349361322e-28
5.095010377557344601e-29
2.986478201031264281e-28
5.567943892947040752e-29
1.684200859283586441e-28
8.845036232308660320e-29
6.854358937731179333e-28
8.778646791298442370e-29
1.825173807890550812e-28
5.534259221827046274e-29
3.020886439535082022e-28
4.909880350065165180e-29
1.483262602269237700e-28
5.447488722926201312e-29
5.829020598738006117e-27
5.221725889677277833e-29
1.493720815353072094e-28
5.037002058820280668e-29
3.020613003657361138e-28
5.558893764828118159e-29
1.725067610435090726e-28
8.402133099764698667e-29
6.854358937731179333e-28
8.687078198617928547e-29
1.714519264903651961e-28
5.420628887349671241e-29
2.986263536098350944e-28
5.145791105669933235e-29
1.476475355237677381e-28
5.721904076921823376e-29
1.510656879001077339e-27
5.466348204031390420e-29
1.506065131456326278e-28
5.127823493785008367e-29
3.043385383370499209e-28
5.350664765588098732e-29
1.570686726430430707e-28
8.352825409377105630e-29
7.040329408536929838e-28
1.028945995985136606e-28
1.856825631788348338e-28
6.011194106624771423e-29
3.016714836969564630e-28
5.626990184531262622e-29
1.557532372206753074e-28
6.185026675793875940e-29
1.960888959603228185e-27
7.310558479318464230e-29
1.612046847804453159e-28
6.931657180625644144e-29
3.157299412006573336e-28
7.447641489481619074e-29
2.488608204408714257e-28
1.479353531640868568e-28
8.167712275935315713e-28
1.642268325065678347e-28
3.389185698904775659e-28
1.828901862159986522e-28
3.528921776287502536e-28
2.530151966197539416e-25
4.542440609617506486e-20
1.076713067674412824e-14
1.184872902398022919e-10
7.639372991706026987e-07
9.661088719273461072e-04
7.799954093314988013e-01
8.945385294539877075e-01
2.066969861206225971e+02
1.131163879576859244e+03
2.279538817530744382e+03
3.141808960086349543e+03
5.576624455294877407e+03
4.235662991077830156e+03
5.894183155680003665e+02
5.691189668761642118e+00
9.538981599720286662e-06
1.735679522162524289e-07
6.775499242225650772e-11
