2.387611244007570669e+06
6.453940312650556688e-11
1.643724538048107767e-07
9.303334984010577953e-06
5.885005178824374461e+00
6.419981781613785188e+02
4.652969281259056515e+03
5.551243772556284966e+03
3.433215966399006902e+03
2.446109538732005603e+03
1.157341782888122225e+03
2.072239736652991837e+02
9.138855751948095074e-01
7.892475852388998181e-01
9.611694291022153478e-04
7.612329520146327150e-07
1.140528550214425215e-10
9.786919726937458293e-15
3.878068734196208600e-20
2.016538013320448698e-25
3.527956626279777764e-28
2.361070457969229759e-28
3.517803967725025159e-28
1.957665223929379408e-28
8.474098017131917346e-28
1.613686604964842330e-28
2.731269776824794833e-28
7.941863665414302643e-29
3.192349949499503503e-28
6.758533917525203747e-29
1.663892124398783525e-28
8.085173045866450067e-29
1.970051228974930743e-27
6.169811328688580236e-29
1.639909180718198583e-28
6.429116029032406250e-29
3.006629382327688388e-28
6.288385370914268055e-29
1.766760008900390973e-28
9.339813393063759845e-29
7.122445450117590533e-28
8.169289686991720582e-29
1.588854068855393469e-28
5.432209956818482846e-29
3.038286213220893957e-28
5.212490837713214104e-29
1.563584089503743322e-28
5.960024894628917946e-29
1.527374927685298040e-27
5.479002741287147428e-29
1.533663118914873037e-28
5.270649926756741117e-29
3.026666618994915645e-28
5.647358775946614927e-29
1.723868202089275566e-28
9.644228278519581976e-29
6.912126715553183355e-28
8.902373920153099513e-29
1.864855372513635568e-28
5.597230802508322296e-29
2.997339960708639547e-28
5.123209654517953091e-29
1.486197252755333434e-28
5.569493451250333544e-29
5.768588052506979623e-27
5.353633277844144861e-29
1.493111596520231693e-28
5.236159633452987338e-29
2.997121896391800017e-28
5.596700666053125321e-29
1.761187256842130675e-28
8.489818278169381197e-29
6.912126715553183355e-28
9.448753842420782882e-29
1.748243392419842472e-28
5.488552686588917320e-29
3.026753756165133079e-28
5.274039200043451963e-29
1.508018456884794479e-28
5.784912434964854513e-29
1.527374927685298040e-27
5.581429396788685483e-29
1.520725208874669059e-28
5.273354689924901942e-29
3.037987925577813837e-28
5.454641241196170817e-29
1.580511073807929808e-28
8.856704637426671591e-29
7.122445450117590533e-28
1.099064233692174536e-28
1.864736047742009984e-28
6.202676880235843862e-29
3.006278245131990732e-28
5.824343801026390409e-29
1.584134387704152837e-28
6.441163957330669033e-29
1.970051228974930743e-27
7.608332304322205225e-29
1.642206417582224567e-28
6.890958096080879591e-29
3.193047970729031996e-28
7.844356793558539530e-29
2.690863640507207928e-28
1.532866998318241370e-28
8.474098017131917346e-28
1.930158760534313249e-28
3.513108561708869281e-28
2.234831150924672651e-28
3.527819757599384020e-28
2.017320207381440700e-25
3.878070432427779977e-20
9.786919711820923819e-15
1.140528550214425215e-10
7.612329520153419992e-07
9.611694291022143720e-04
7.892475852388997071e-01
9.138855751948096184e-01
2.072239736652991837e+02
1.157341782888122452e+03
2.446109538732005149e+03
3.433215966399006902e+03
5.551243772556284966e+03
4.652969281259056515e+03
6.419981781613785188e+02
5.885005178824373573e+00
9.303334984012241526e-06
1.643724538048669191e-07
6.453940312541001785e-11
