2.401658360957960133e+06
1.081005708472113207e-10
3.148675718995669793e-07
1.164347879568646159e-05
7.882904580104771242e+00
8.102485627630011322e+02
3.887606590628582126e+03
7.416642741151383234e+03
2.571419601717124806e+03
2.227216745480265217e+03
9.397528897585533514e+02
2.290175365579811455e+02
9.817459735408131660e-01
1.145307340808118690e+00
1.551309172807808058e-03
2.003697758198801699e-06
5.510212875184316754e-10
8.275181251325948913e-14
5.515850360963724165e-19
4.738113094120109084e-24
4.150216323978244988e-28
1.810966244076474265e-28
3.135987638164473879e-28
1.883389105678648952e-28
8.551410586590435768e-28
1.770483417681601616e-28
2.368480688809572189e-28
8.098845559094241893e-29
3.190928020519459403e-28
6.908579769432890173e-29
1.598768109820762306e-28
7.752597784207294686e-29
1.984121666302171394e-27
6.289982735487929124e-29
1.598793625836738198e-28
7.067390345013918406e-29
2.993275218465332689e-28
6.304073900758139701e-29
1.682283710896955307e-28
8.796021542254335541e-29
7.065426559865557061e-28
7.936764925065131846e-29
1.570740751766552855e-28
5.454628685416002608e-29
3.008278304951276898e-28
5.200675558452982877e-29
1.555868562822835726e-28
6.176374213190951858e-29
1.533534626499037184e-27
5.555090953209585888e-29
1.503697104579297096e-28
5.284942250398110994e-29
3.000553532118946587e-28
5.763952710678280102e-29
1.631110556539083775e-28
9.130651703685663980e-29
6.907217223584943033e-28
9.696279589541488230e-29
1.794005112442239356e-28
5.742441842375490939e-29
2.989853515009986373e-28
5.147216131417819180e-29
1.482931697333105959e-28
5.651135059959950221e-29
5.681017046544760799e-27
5.388149106160399591e-29
1.493581073453644655e-28
5.366980121097348639e-29
2.990227581706518543e-28
5.695458936235902133e-29
1.711799740166023641e-28
9.159783543477695040e-29
6.907217223584943033e-28
8.841877660441134067e-29
1.654760818923834314e-28
5.478726667178959974e-29
3.000381956560276372e-28
5.334019881066160981e-29
1.478858071963096544e-28
5.958716586902485001e-29
1.533534626499037184e-27
5.674476775577252677e-29
1.526188973830460238e-28
5.267827505371435921e-29
3.008535739673151048e-28
5.517136027733875996e-29
1.564566406957983300e-28
8.849832926501536357e-29
7.065426559865557061e-28
1.067857300069997204e-28
1.772932121237901298e-28
6.211136219702997854e-29
2.993421088378219472e-28
6.015121965433492824e-29
1.551711061257436067e-28
6.654435470698920792e-29
1.984121666302171394e-27
7.195035270538046564e-29
1.581495510322639707e-28
7.120452235551727336e-29
3.191333909869300789e-28
8.039488209339211361e-29
2.321486809235633031e-28
1.617009910333050751e-28
8.551410586590435768e-28
1.893108138693660304e-28
3.131251298941182835e-28
1.681041338354727412e-28
4.149373545464154869e-28
4.737159500582525362e-24
5.515856321142653289e-19
8.275181246889627423e-14
5.510212875184316754e-10
2.003697758200074366e-06
1.551309172807808275e-03
1.145307340808118690e+00
9.817459735408132770e-01
2.290175365579811455e+02
9.397528897585535788e+02
2.227216745480265217e+03
2.571419601717124806e+03
7.416642741151383234e+03
3.887606590628582126e+03
8.102485627630010185e+02
7.882904580104772130e+00
1.164347879568747464e-05
3.148675718996259539e-07
1.081005708463972586e-10
