2.375806993375582155e+06
6.316059000067482062e-11
1.397239606384262568e-07
8.563012353043104055e-06
5.909412710028107085e+00
6.937877201059512799e+02
5.022468891871318192e+03
5.108017704517751554e+03
3.937368488023034843e+03
2.421925966424968919e+03
1.243339877415660112e+03
2.017253035980061782e+02
9.051223913461197146e-01
7.801826551329259507e-01
9.404618062554342354e-04
7.749657133172894599e-07
1.120357495415426134e-10
8.774620830548275321e-15
3.123957808678910295e-20
1.465952848457607929e-25
3.691987080942099207e-28
2.696309239463782780e-28
3.880732053284508532e-28
2.180649471255561714e-28
8.825778772821846110e-28
1.763442654960682741e-28
2.979107483978585684e-28
8.447633466008879476e-29
3.231518341447258375e-28
7.329888849476166566e-29
1.716152688412735196e-28
8.987935611119008238e-29
1.970132946789313380e-27
6.583732575117066460e-29
1.650101366314318983e-28
6.700553493256455764e-29
3.007051171644890208e-28
6.699269612296957087e-29
1.864807975572950615e-28
9.317416172158729956e-29
7.426485709682561022e-28
9.068340173393015548e-29
1.610468162110164805e-28
5.532418641424119671e-29
3.056451066378123923e-28
5.278977709689604125e-29
1.585209373994251545e-28
6.166025159785174564e-29
1.542361015503633196e-27
5.617302361936796807e-29
1.538879939185090755e-28
5.315299147702603569e-29
3.051556694621091262e-28
5.759667402913579408e-29
1.814572502839338115e-28
9.746092333403098903e-29
7.088624134426779615e-28
9.073301961477504794e-29
1.949770887127347351e-28
5.784351300036397077e-29
3.008606732512467660e-28
5.161525498678654071e-29
1.495222491570698289e-28
5.541653919692308221e-29
5.783040098687792070e-27
5.328261201261907773e-29
1.505760232163404308e-28
5.307117019967692826e-29
3.008168091757153146e-28
5.808923345154341413e-29
1.840423393226716726e-28
8.828123551468206787e-29
7.088624134426779615e-28
9.636425518154070056e-29
1.842172546942029574e-28
5.596344325753314461e-29
3.051501820465177377e-28
5.311806067940591506e-29
1.513307676801920919e-28
5.916587457204010684e-29
1.542361015503633196e-27
5.807352683517783955e-29
1.543106425713329744e-28
5.367870791719240401e-29
3.056297583500064515e-28
5.538739047358838707e-29
1.604117102381063596e-28
9.751544499239502715e-29
7.426485709682561022e-28
1.072097530030527424e-28
1.978406105124857628e-28
6.662271899561238122e-29
3.007081309759738687e-28
6.106474717703212117e-29
1.591205829847084707e-28
6.831440819919255929e-29
1.970132946789313380e-27
8.560357480536610776e-29
1.693873979606083488e-28
7.453134263850776521e-29
3.232044549999218029e-28
8.359363349602277195e-29
2.928509789373435131e-28
1.676520935974163144e-28
8.825778772821846110e-28
2.142298238117357327e-28
3.879538538448463334e-28
2.569713653256640400e-28
3.692078146113699563e-28
1.466724856260901504e-25
3.123958954237729119e-20
8.774620821387522352e-15
1.120357495415426134e-10
7.749657133180631186e-07
9.404618062554311996e-04
7.801826551329259507e-01
9.051223913461197146e-01
2.017253035980061782e+02
1.243339877415660112e+03
2.421925966424968919e+03
3.937368488023034843e+03
5.108017704517751554e+03
5.022468891871318192e+03
6.937877201059511663e+02
5.909412710028106197e+00
8.563012353044339029e-06
1.397239606384531766e-07
6.316059000023863794e-11
