2.357315425096113700e+06
6.071062693461811570e-11
1.059801298634132854e-07
7.206775281630232943e-06
4.932660712421612637e+00
6.369145879909797259e+02
4.269401499186964429e+03
5.322845806140277091e+03
4.169828790698337798e+03
2.597451020669602258e+03
1.151069935996868708e+03
2.045601848042157656e+02
1.054860318233825200e+00
9.098983385243029076e-01
1.050593099783637139e-03
8.931582128911502458e-07
1.259432521967794662e-10
8.994444701852877496e-15
2.823292301988932048e-20
1.165909186000988142e-25
4.200377995223526352e-28
2.726979172190585366e-28
4.158171011160883550e-28
2.270163993064480932e-28
9.758516584033515546e-28
1.761322339615328921e-28
3.412308545988481462e-28
9.206098986947170663e-29
3.281416062236776143e-28
7.562886444735753957e-29
1.706270082961009921e-28
9.021394863324116803e-29
1.960841105480240120e-27
6.466376718318457551e-29
1.635942532880633114e-28
6.683872551907512160e-29
2.987850121552130815e-28
6.324672554259316971e-29
1.863036124602627278e-28
9.029939146971152947e-29
7.522015633580999603e-28
8.064243788941887610e-29
1.614350887935454275e-28
5.459135320027466038e-29
3.060896518954099368e-28
5.288502860004178413e-29
1.550263154704355386e-28
5.970690470879926892e-29
1.531519941075221825e-27
5.609488752299514097e-29
1.550249003502577798e-28
5.303608337466998608e-29
3.028318611470836916e-28
5.756759999047546399e-29
1.767988374589922950e-28
9.356973883156212685e-29
7.047003876022594277e-28
9.016853007246332071e-29
1.887360215206618227e-28
5.680416215292638388e-29
2.988680709489251878e-28
5.083602279870980614e-29
1.507319283317061758e-28
5.586208365457807450e-29
5.859216963813807882e-27
5.348650566588369359e-29
1.519644314375186448e-28
5.247331542001099028e-29
2.988524776332994430e-28
5.671948450077411754e-29
1.799983776901944492e-28
8.649434633360642320e-29
7.047003876022594277e-28
9.190221104081735942e-29
1.790300963240958953e-28
5.521581303514714333e-29
3.028568514227482339e-28
5.258780951677333681e-29
1.512168983875081946e-28
5.917846301553449721e-29
1.531519941075221825e-27
5.651500829599998503e-29
1.523382990902320776e-28
5.350475656724904651e-29
3.060761350182727611e-28
5.498343860477010617e-29
1.602246403341573482e-28
8.599790130064565403e-29
7.522015633580999603e-28
1.038748119579820250e-28
1.961809072106771878e-28
6.318263221440709289e-29
2.987963959529852621e-28
6.041666336033259987e-29
1.589678621005223268e-28
6.741545554816931455e-29
1.960841105480240120e-27
8.680038396860077687e-29
1.689820465361464158e-28
7.675297060748093471e-29
3.281540016207891069e-28
9.157914292874646957e-29
3.379720521598711110e-28
1.688288538141732237e-28
9.758516584033515546e-28
2.248298185734222340e-28
4.149996865117981320e-28
2.660656867716672429e-28
4.201096611061292882e-28
1.166454505912113795e-25
2.823293261948087322e-20
8.994444702065235696e-15
1.259432521967794662e-10
8.931582128916322075e-07
1.050593099783634536e-03
9.098983385243027966e-01
1.054860318233825200e+00
2.045601848042157371e+02
1.151069935996868708e+03
2.597451020669602258e+03
4.169828790698337798e+03
5.322845806140277091e+03
4.269401499186964429e+03
6.369145879909797259e+02
4.932660712421612637e+00
7.206775281631076588e-06
1.059801298635155117e-07
6.071062693480872913e-11
