2.355021418392043561e+06
6.021263888289199164e-11
1.039007707703450703e-07
7.082397483834604882e-06
4.836709537224592736e+00
6.319485966073239069e+02
4.236581689314242794e+03
5.384636282359634606e+03
4.206751873175234323e+03
2.603284990279969406e+03
1.144994099548239546e+03
2.066247736621480726e+02
1.092524603450411691e+00
9.476742498082044719e-01
1.093559428407377956e-03
9.312209204199921271e-07
1.311824558347294967e-10
9.286618674671828797e-15
2.868466929576008197e-20
1.161691512635195939e-25
4.233932450649091420e-28
2.707863016182456147e-28
4.295592723388815928e-28
2.235951344810191597e-28
9.697366084944575095e-28
1.823588327225615245e-28
3.457140423073528150e-28
9.166004448485348813e-29
3.276027863717479698e-28
7.739152295175674501e-29
1.710377213918422497e-28
9.066987592629425753e-29
1.999138571893843617e-27
6.526305159630637669e-29
1.627353664029314626e-28
6.659616282318243385e-29
3.018956878507447606e-28
6.254300211011411583e-29
1.855660638992026141e-28
9.206729408747524954e-29
7.485166990369325020e-28
8.054983977743982836e-29
1.584962516774841105e-28
5.477340928744887996e-29
3.035903099324059617e-28
5.286563742045890441e-29
1.568809515614535042e-28
6.067433709907195015e-29
1.515178400825608289e-27
5.566568368251389722e-29
1.550743340019284933e-28
5.332069839410709245e-29
3.015076429201802347e-28
5.746930439539898496e-29
1.770336444996203822e-28
9.432007631340304886e-29
7.055058403222442968e-28
9.004659667325799208e-29
1.903877479836688305e-28
5.664442025756472256e-29
2.981882013938802746e-28
5.124414700639209867e-29
1.487912867699566817e-28
5.689792180041630356e-29
5.833442330923315207e-27
5.434720319792565823e-29
1.498039380857944352e-28
5.318836372814529314e-29
2.981692941123676917e-28
5.676119542027908722e-29
1.807021540235785512e-28
8.756540474429091407e-29
7.055058403222442968e-28
9.229115669941240304e-29
1.802156630865850270e-28
5.517190373673139939e-29
3.015331844687861769e-28
5.299450892371614133e-29
1.506576821724764790e-28
5.895921501628942454e-29
1.515178400825608289e-27
5.690917549734721535e-29
1.539598072163150170e-28
5.368990531371998521e-29
3.035663003417913271e-28
5.495210403244007290e-29
1.572860533306378025e-28
8.561027446334443596e-29
7.485166990369325020e-28
1.056978829336819436e-28
1.957015219350244981e-28
6.315282565377241522e-29
3.019312472326314363e-28
5.993958192987783362e-29
1.585808950728738696e-28
6.864360495963377379e-29
1.999138571893843617e-27
8.628451713330326166e-29
1.691431329774326333e-28
7.874489044125855802e-29
3.276344696403984073e-28
9.103819957449554976e-29
3.416676582974400582e-28
1.741954054365852177e-28
9.697366084944575095e-28
2.228311583086322581e-28
4.286075799815461799e-28
2.637089811536571376e-28
4.234592031634317383e-28
1.162168789171940816e-25
2.868467574789100548e-20
9.286618675389133707e-15
1.311824558347294967e-10
9.312209204204082320e-07
1.093559428407372969e-03
9.476742498082042498e-01
1.092524603450411691e+00
2.066247736621480726e+02
1.144994099548239546e+03
2.603284990279968952e+03
4.206751873175234323e+03
5.384636282359634606e+03
4.236581689314242794e+03
6.319485966073236796e+02
4.836709537224592736e+00
7.082397483835396858e-06
1.039007707704568786e-07
6.021263888316821827e-11
