2.352795022724501789e+06
5.991476555375968717e-11
1.016144418705209963e-07
6.972907701528693891e-06
4.771753712666154890e+00
6.282147892105838309e+02
4.200117544433262992e+03
5.420723892369475834e+03
4.239706714434067180e+03
2.582685224850846680e+03
1.134307446589906021e+03
2.080860598337529268e+02
1.128826397873384346e+00
9.889237405541778658e-01
1.143762052531717898e-03
9.772948196865664687e-07
1.377862442226790887e-10
9.681607784336143137e-15
2.941572396580309712e-20
1.168607289031542958e-25
4.289663333920078690e-28
2.742113731487258931e-28
4.420513853671462098e-28
2.249565506131205405e-28
9.911457526154789945e-28
1.820444989864075696e-28
3.489245375998652117e-28
9.265695051110632746e-29
3.269427174782769171e-28
7.845808532400530476e-29
1.718123078599889805e-28
8.985266156663045823e-29
2.026664387322375117e-27
6.513625524438099073e-29
1.614438988509188890e-28
6.889581619291744197e-29
3.005454792963711173e-28
6.384174580030914545e-29
1.857394260035857777e-28
9.204405823410679833e-29
7.391503776376950157e-28
8.250722701949462030e-29
1.608659981631911913e-28
5.483920280471769641e-29
3.055806866637875487e-28
5.212180682129417481e-29
1.556701010990652027e-28
6.100810486213736021e-29
1.539861337079153060e-27
5.628913228419783696e-29
1.560499349977150164e-28
5.276683429026104317e-29
3.000141369833683329e-28
5.834276387176192915e-29
1.766721201311425201e-28
9.468580872167477552e-29
7.036452424760321478e-28
9.107981455394340687e-29
1.911070986710848725e-28
5.660009413360501148e-29
2.985071510066608222e-28
5.114755562747230683e-29
1.491273045195708622e-28
5.561560124435023487e-29
5.801506970800977543e-27
5.325009838294390101e-29
1.502386553573489644e-28
5.253750959672036658e-29
2.985064934311193571e-28
5.640777500865952135e-29
1.810266803728034126e-28
8.950823741936754126e-29
7.036452424760321478e-28
9.177160913796359723e-29
1.786064513361826889e-28
5.544181326704928530e-29
2.999843027830660561e-28
5.265235458321700619e-29
1.518322710316666380e-28
5.924205616225928434e-29
1.539861337079153060e-27
5.718023023683741327e-29
1.529382417730907447e-28
5.281235740742622161e-29
3.055763860786085691e-28
5.478852837410436606e-29
1.598814162822498216e-28
8.638107935544192528e-29
7.391503776376950157e-28
1.054188432505471615e-28
1.961607548798559688e-28
6.367415742200685892e-29
3.005275957426889616e-28
6.134243756872164560e-29
1.573885586762644419e-28
6.830475056747134709e-29
2.026664387322375117e-27
8.624196369630377624e-29
1.703628407257914734e-28
8.013480250904651269e-29
3.269559433635077135e-28
9.250491951744639852e-29
3.460886584425823432e-28
1.738977066027405114e-28
9.911457526154789945e-28
2.235624075583310296e-28
4.412793659372383524e-28
2.671278175890255646e-28
4.290635476593760664e-28
1.169047592161647317e-25
2.941573290300622982e-20
9.681607785364907688e-15
1.377862442226790887e-10
9.772948196869359869e-07
1.143762052531715080e-03
9.889237405541780879e-01
1.128826397873384346e+00
2.080860598337529268e+02
1.134307446589906021e+03
2.582685224850846680e+03
4.239706714434067180e+03
5.420723892369476744e+03
4.200117544433262992e+03
6.282147892105838309e+02
4.771753712666154890e+00
6.972907701529427421e-06
1.016144418706395412e-07
5.991476555416469548e-11
