2.350705356769506354e+06
5.969670654846874492e-11
9.905391674398598389e-08
6.871417326921877134e-06
4.706477634190321169e+00
6.257333657744505899e+02
4.163056174696872404e+03
5.425408656359451925e+03
4.258292557124190353e+03
2.531351678047172754e+03
1.120055982646942539e+03
2.085986225920766231e+02
1.164042686227046541e+00
1.028356090702641001e+00
1.193038818951492122e-03
1.023968264933748930e-06
1.446881435084224930e-10
1.010748266309022161e-14
3.024110924367488765e-20
1.179624655306567842e-25
4.312570251446139608e-28
2.831571080778729539e-28
4.645328814473997876e-28
2.224839824082793348e-28
9.961604037986988455e-28
1.846722782379832613e-28
3.516109699595987950e-28
9.317072496443437940e-29
3.285220240312711460e-28
7.741731786978211452e-29
1.728637132967002125e-28
9.092465537933761893e-29
1.961698348265546667e-27
6.472931936715517309e-29
1.628704816729666333e-28
6.732403168938114114e-29
3.026276499887337875e-28
6.391547330581499659e-29
1.851588289412754960e-28
9.242098298361513962e-29
7.446717417520770303e-28
8.307728440485210060e-29
1.609987585552828006e-28
5.389196360084721986e-29
3.016091243934364340e-28
5.212435638271659967e-29
1.572006406959570339e-28
6.025518746330820273e-29
1.537501581843528047e-27
5.561458833420507352e-29
1.563071499816079962e-28
5.252475765836434530e-29
2.995482214407378290e-28
5.740556694198102006e-29
1.777661080485894662e-28
9.450926838406417835e-29
7.108578656663840138e-28
9.195129927840674182e-29
1.910005517817415487e-28
5.674857341520004634e-29
3.011520635368828784e-28
5.159382382955430435e-29
1.480380133892753113e-28
5.656914406964811388e-29
5.723193686948463424e-27
5.413801137165366524e-29
1.490371909915502868e-28
5.293059019909500532e-29
3.011045822132490938e-28
5.652900740559472045e-29
1.801974183703714043e-28
8.927379593802470107e-29
7.108578656663840138e-28
9.343741041232201822e-29
1.805605235087576336e-28
5.506163579994256396e-29
2.995763769026045190e-28
5.252634950345306185e-29
1.525240739248589704e-28
5.883899046110445228e-29
1.537501581843528047e-27
5.625620616693211747e-29
1.542016992910336875e-28
5.271864027761829233e-29
3.015958509256201431e-28
5.391300079210923704e-29
1.603624266741194747e-28
8.794518822613219779e-29
7.446717417520770303e-28
1.056990347257659226e-28
1.960670840005722067e-28
6.403733946698349500e-29
3.026293086002978278e-28
6.055615318873408365e-29
1.589325663111064259e-28
6.772907605821728491e-29
1.961698348265546667e-27
8.734389964987524744e-29
1.712009737764395761e-28
7.899632934739054721e-29
3.285080727294529225e-28
9.243225040683190083e-29
3.489834360383230236e-28
1.770666090114344061e-28
9.961604037986988455e-28
2.222063969579975712e-28
4.631738315179821394e-28
2.744167582558140090e-28
4.313335843938149469e-28
1.180033747505891326e-25
3.024111227727736727e-20
1.010748267149239016e-14
1.446881435084224930e-10
1.023968264934105955e-06
1.193038818951490821e-03
1.028356090702640779e+00
1.164042686227046541e+00
2.085986225920766231e+02
1.120055982646942539e+03
2.531351678047172754e+03
4.258292557124190353e+03
5.425408656359452834e+03
4.163056174696872404e+03
6.257333657744505899e+02
4.706477634190321169e+00
6.871417326922763978e-06
9.905391674410229210e-08
5.969670654910524748e-11
