2.344576293203027919e+06
5.674575514195639713e-11
9.196096011925816184e-08
6.855654426841202737e-06
4.615518580683937166e+00
6.321384795317312637e+02
4.043876334451406365e+03
5.319325588221889120e+03
4.382364318476984408e+03
2.350406070537847427e+03
1.093856313779906259e+03
2.100153123679907026e+02
1.332175876844253981e+00
1.143088297180570034e+00
1.312034414019970984e-03
1.140382156090404657e-06
1.625276035667201259e-10
1.124372572517590826e-14
3.256259165021888134e-20
1.219645663735858330e-25
4.504953812592599591e-28
3.454632148280691828e-28
5.148487981904344125e-28
2.158735802315096467e-28
1.011313325743257064e-27
1.928365468522112014e-28
3.575024036362157870e-28
9.269987572341170250e-29
3.324829677932455270e-28
7.621557054902140201e-29
1.727438802086131794e-28
8.938978253821988997e-29
1.979136680883499159e-27
6.457397520413472572e-29
1.632394245919733764e-28
6.810764919915423067e-29
3.024821981136454732e-28
6.436537849115277536e-29
1.863905630924835409e-28
9.040059489640221943e-29
7.441358349860853069e-28
8.216697658341094377e-29
1.583558393328886564e-28
5.490684763338581624e-29
3.021739525313122009e-28
5.194745873781731938e-29
1.557111329086339606e-28
6.004568446677380490e-29
1.532106098921518786e-27
5.577372361459114464e-29
1.535139344556487880e-28
5.252433994697899376e-29
3.016873588703934622e-28
5.735833676997629042e-29
1.781234194054310764e-28
9.562405396057800894e-29
7.098787456289294495e-28
9.145525222175586676e-29
1.889238533748823039e-28
5.644318768677459100e-29
3.025069776072305760e-28
5.043371208811388193e-29
1.503065364356961464e-28
5.529650086566985657e-29
5.849163069743629592e-27
5.274566346495846055e-29
1.513450644966491719e-28
5.175313151847163851e-29
3.024763188520926513e-28
5.628941808767744086e-29
1.783967550805684091e-28
8.780105833656077077e-29
7.098787456289294495e-28
9.433233718320996974e-29
1.805732412731201979e-28
5.424996330849732728e-29
3.017073555276537040e-28
5.237984563459499250e-29
1.499965380862854279e-28
5.821136875511659755e-29
1.532106098921518786e-27
5.662708745463686486e-29
1.528595518387765485e-28
5.287251320873802672e-29
3.021828695370878690e-28
5.516420304344787112e-29
1.572685252703685539e-28
8.876473919106368489e-29
7.441358349860853069e-28
1.031628116527274186e-28
1.969668886402750832e-28
6.438414913215834280e-29
3.024987553527727706e-28
6.153983097273518257e-29
1.589388785622401134e-28
6.671307660212316138e-29
1.979136680883499159e-27
8.587424138341151142e-29
1.711980558472385695e-28
7.815790161523012298e-29
3.324554722935190694e-28
9.169595439126017024e-29
3.541146448954377482e-28
1.838274774357122309e-28
1.011313325743257064e-27
2.134974186504701272e-28
5.134140227163332050e-28
3.373665133638349694e-28
4.505528378584983749e-28
1.219972021676448599e-25
3.256260414378192745e-20
1.124372574127651516e-14
1.625276035667201259e-10
1.140382156090689684e-06
1.312034414019969900e-03
1.143088297180570034e+00
1.332175876844253981e+00
2.100153123679907310e+02
1.093856313779906486e+03
2.350406070537847427e+03
4.382364318476984408e+03
5.319325588221890030e+03
4.043876334451406819e+03
6.321384795317312637e+02
4.615518580683937166e+00
6.855654426841998948e-06
9.196096011935607356e-08
5.674575514291171319e-11
