2.337956899653875735e+06
5.627940160090946125e-11
8.636677273526435765e-08
6.619791212198330662e-06
4.351540619386875086e+00
6.273542273700825262e+02
4.002039856232511738e+03
5.273892343221013107e+03
4.593880512298918802e+03
2.233728781344409526e+03
1.123548707603649973e+03
2.107490603635835100e+02
1.450611494032984838e+00
1.246531830417403786e+00
1.419793319214523661e-03
1.234527669349098798e-06
1.751758862720675871e-10
1.199790084618058341e-14
3.413467107150412587e-20
1.245172301323533063e-25
4.583718261698429232e-28
3.276268697992656918e-28
5.164139424892593588e-28
2.101392248804751473e-28
1.006831249831369695e-27
1.894210818715759083e-28
3.555244561882053344e-28
9.096258236980316530e-29
3.243119495513129074e-28
7.608839604646759869e-29
1.716496576940299302e-28
8.663921956578393462e-29
1.989838107511669254e-27
6.290430505808812076e-29
1.616953677733020523e-28
6.626120311553320552e-29
3.036645391750125752e-28
6.415931109879488274e-29
1.831528787616947931e-28
8.906397518652023763e-29
7.505151796539425793e-28
8.419366027943696097e-29
1.581252555490912739e-28
5.387424064906839133e-29
3.038897076161760955e-28
5.152257664599731994e-29
1.561018797385304187e-28
6.018892709506402354e-29
1.521790803405005685e-27
5.486116224999924990e-29
1.552356697931066537e-28
5.173330201651331888e-29
3.012533081205904115e-28
5.729522983264399096e-29
1.748764362943399931e-28
9.296266272373185921e-29
7.124837603145256845e-28
8.964414877687699592e-29
1.849806005227983912e-28
5.556798443080768935e-29
3.004840270844427331e-28
5.005366541529974625e-29
1.486311900798135316e-28
5.491445937686015245e-29
5.624486246473640259e-27
5.234615949430222338e-29
1.496371587180064673e-28
5.186614231040076003e-29
3.004727881539898389e-28
5.521692928825892904e-29
1.758129341648263600e-28
8.599982218585931597e-29
7.124837603145256845e-28
9.296161330950498431e-29
1.775046734148850218e-28
5.419927316068273843e-29
3.012785487091505681e-28
5.168110469295638243e-29
1.515198225483401210e-28
5.730795266250772999e-29
1.521790803405005685e-27
5.641578211659241076e-29
1.530345570708360874e-28
5.229823296041326069e-29
3.039140533524400914e-28
5.427089218967289905e-29
1.579281327178198486e-28
9.072829771762715853e-29
7.505151796539425793e-28
1.022565648205706565e-28
1.926708281945187220e-28
6.351479270271321097e-29
3.037105746274026883e-28
5.934892346101473258e-29
1.575434003035319702e-28
6.594378172408153503e-29
1.989838107511669254e-27
8.339911156145296546e-29
1.704463859989993283e-28
7.805783991667995398e-29
3.243366085787712918e-28
8.965311472021715050e-29
3.515399747338880722e-28
1.811256871880405993e-28
1.006831249831369695e-27
2.080581610788344350e-28
5.154421730931195430e-28
3.230217942738157355e-28
4.584815726570896031e-28
1.245368876849197425e-25
3.413468614177252792e-20
1.199790085722985361e-14
1.751758862720675871e-10
1.234527669349344861e-06
1.419793319214519324e-03
1.246531830417403786e+00
1.450611494032984838e+00
2.107490603635835100e+02
1.123548707603649973e+03
2.233728781344409981e+03
4.593880512298918802e+03
5.273892343221013107e+03
4.002039856232512193e+03
6.273542273700826399e+02
4.351540619386875086e+00
6.619791212199222588e-06
8.636677273533452903e-08
5.627940160207243196e-11
