2.330445600597609766e+06
5.428182634368770867e-11
8.337905483399775114e-08
6.131902037953093523e-06
4.162086785987623827e+00
6.430837751595702230e+02
4.015326799033643965e+03
5.373940247001494754e+03
4.653585558657558977e+03
2.284601002574050199e+03
1.218896620903382882e+03
2.193362295092885574e+02
1.575410405662278857e+00
1.378813868748626215e+00
1.580098246522879200e-03
1.372782278649413907e-06
1.920526482775985586e-10
1.286712143453726964e-14
3.564097077921675605e-20
1.266570626733124960e-25
4.582214386223765284e-28
3.159582215574784335e-28
5.126831179402578309e-28
2.056229356109868734e-28
9.941045043336120514e-28
1.815175376881066364e-28
3.244913881192895804e-28
8.804598554733873797e-29
3.235095498552433327e-28
7.433911987860472629e-29
1.701089824124483832e-28
8.387662506806774205e-29
2.006536043214568705e-27
6.392250616660669937e-29
1.628159893790946971e-28
6.719704114705365439e-29
3.030465322985661735e-28
6.466424966132049489e-29
1.850075505021597580e-28
8.779427514892626217e-29
7.399442748208162566e-28
8.210471918710610058e-29
1.587494251398119302e-28
5.456678276543733695e-29
3.025007001224987553e-28
5.225486351844524178e-29
1.560696728300467137e-28
5.894662190158709594e-29
1.538217479844349110e-27
5.553393815774425482e-29
1.553692466429529662e-28
5.240774819456524181e-29
2.996284886876863724e-28
5.640540902235574409e-29
1.739348712865492887e-28
9.151107999404341713e-29
7.088561455128089987e-28
8.776890216346811109e-29
1.861697103887963557e-28
5.610474746312082959e-29
3.018627018799490193e-28
5.033165369734354403e-29
1.506380562810265001e-28
5.600160378406716699e-29
5.919741597891258060e-27
5.351259827943055345e-29
1.516276665579694926e-28
5.201976026926879923e-29
3.018669663031553015e-28
5.580606872699765862e-29
1.759521267604918190e-28
8.544884842104693705e-29
7.088561455128089987e-28
8.927113077180645890e-29
1.774876116206050679e-28
5.450385235119846799e-29
2.996182492497513097e-28
5.241296368777239991e-29
1.517290840810821965e-28
5.862646501557358814e-29
1.538217479844349110e-27
5.562866156483493735e-29
1.530548995112622886e-28
5.283195888462543654e-29
3.025209567617397957e-28
5.476578902736199071e-29
1.582569103386346947e-28
8.876286533858288288e-29
7.399442748208162566e-28
1.008063309953342384e-28
1.945430309852586239e-28
6.386176563094278350e-29
3.030426804998498840e-28
5.966286275509777493e-29
1.581443988351666033e-28
6.675356911885951908e-29
2.006536043214568705e-27
8.033688037870451535e-29
1.684294557008208562e-28
7.614785231843709384e-29
3.235262429662465707e-28
8.708736380840731533e-29
3.215347392811265206e-28
1.726666089275190597e-28
9.941045043336120514e-28
2.038134479308860389e-28
5.116781943709870331e-28
3.103242128145986896e-28
4.583013844327279901e-28
1.266724948740413701e-25
3.564098968257950772e-20
1.286712145582142632e-14
1.920526482775985586e-10
1.372782278649741920e-06
1.580098246522880284e-03
1.378813868748626215e+00
1.575410405662278857e+00
2.193362295092885574e+02
1.218896620903383109e+03
2.284601002574050199e+03
4.653585558657558977e+03
5.373940247001494754e+03
4.015326799033643965e+03
6.430837751595703367e+02
4.162086785987623827e+00
6.131902037954050670e-06
8.337905483404800402e-08
5.428182634493755919e-11
