2.327428562938848976e+06
5.334728374161751909e-11
8.253736028248590029e-08
6.016599550460566944e-06
4.155606415973246648e+00
6.612916107240489509e+02
4.026838017045186461e+03
5.422427283355340478e+03
4.677829280394939815e+03
2.362829316419752104e+03
1.265942428956436288e+03
2.253960491047790526e+02
1.648010102145994971e+00
1.434561240878994504e+00
1.646371738974839426e-03
1.432324870250949221e-06
1.994962822016864551e-10
1.322146394948966631e-14
3.605188821210785641e-20
1.264153998883198830e-25
4.587790708934095776e-28
3.106897750949798469e-28
5.197415233334886122e-28
2.096286084194656610e-28
9.895512294508723268e-28
1.806225110629053794e-28
3.142520064239028939e-28
8.731588697252679447e-29
3.249595579151688193e-28
7.492415728962265005e-29
1.707971730222821170e-28
8.521734466380167844e-29
1.998502889893989816e-27
6.384633891995823677e-29
1.632963951571830857e-28
6.544489915372178775e-29
3.004261753478967272e-28
6.608342546775692303e-29
1.818486497683647898e-28
8.888143221189861044e-29
7.344999089971300676e-28
8.137554328157450273e-29
1.592558702662238341e-28
5.477137898079259238e-29
3.067465091506616659e-28
5.198220939485814606e-29
1.565203103410617338e-28
6.011049948499224263e-29
1.536075674429316292e-27
5.528552820190212862e-29
1.567812287356861155e-28
5.291947035427584703e-29
3.015874851257565452e-28
5.744936916475830474e-29
1.734619999219346737e-28
9.132418337758523162e-29
7.108020024129720120e-28
8.925012215694420221e-29
1.860294377557755492e-28
5.602521966219987175e-29
2.999486063308464930e-28
5.079764282607218125e-29
1.499702904918303974e-28
5.618709336181297272e-29
5.814623450580713381e-27
5.379147399877891511e-29
1.508984179603504973e-28
5.227557436352625872e-29
2.999187708156144801e-28
5.581017117298924047e-29
1.764999167825158772e-28
8.643320303346124049e-29
7.108020024129720120e-28
8.992832978270458678e-29
1.758792347530547265e-28
5.496238194299810672e-29
3.015942854600341187e-28
5.250472054986737490e-29
1.531273837235991932e-28
5.828363443643196612e-29
1.536075674429316292e-27
5.638896091246009726e-29
1.534896345081932337e-28
5.282306199545585073e-29
3.067817728610706264e-28
5.460772882986022741e-29
1.590572750340944472e-28
8.768966203459776807e-29
7.344999089971300676e-28
1.013441959653547280e-28
1.909133017472867717e-28
6.501452008186038470e-29
3.004277887425328119e-28
5.856438327673368061e-29
1.587572316858027777e-28
6.705465179249176183e-29
1.998502889893989816e-27
8.285160145968822718e-29
1.689370151090835135e-28
7.679771608259539402e-29
3.249710421151906139e-28
8.640709236189561647e-29
3.120826414893832342e-28
1.715045690944576079e-28
9.895512294508723268e-28
2.066533799108705432e-28
5.174374430516477362e-28
3.053825496681668759e-28
4.588258420671835699e-28
1.264319166818807488e-25
3.605191544788380064e-20
1.322146396806644291e-14
1.994962822016864551e-10
1.432324870251223448e-06
1.646371738974839643e-03
1.434561240878994059e+00
1.648010102145995193e+00
2.253960491047790526e+02
1.265942428956436288e+03
2.362829316419752558e+03
4.677829280394939815e+03
5.422427283355340478e+03
4.026838017045186461e+03
6.612916107240489509e+02
4.155606415973248424e+00
6.016599550461485128e-06
8.253736028253265916e-08
5.334728374301392274e-11
