2.306453696048026904e+06
4.559555624996113049e-11
7.525632016140616983e-08
5.936404915530465151e-06
4.705563402890071245e+00
7.890252967307671952e+02
4.023488734439172731e+03
5.592403108583875110e+03
4.860008000703759535e+03
2.598845216196062211e+03
1.563315563589152362e+03
2.563223174337379646e+02
2.043051371752478751e+00
1.782034550286626606e+00
2.048712803680514342e-03
1.757024888562167233e-06
2.336528857977573268e-10
1.417031284340089610e-14
3.393070249847694867e-20
1.055631850538279952e-25
4.667887147191594537e-28
2.949584839202333100e-28
5.578840241359412454e-28
1.970248996631801267e-28
9.813236123236141098e-28
1.733644739650831599e-28
2.908772821360605181e-28
9.120267388793469998e-29
3.298305895528045150e-28
7.435578843408256038e-29
1.731636334376305791e-28
8.695242699466241980e-29
1.977932637543249472e-27
6.398132146905794534e-29
1.628608272610442601e-28
6.813258229873041147e-29
3.022289641063085303e-28
6.795535065648927372e-29
1.847549657804315961e-28
9.320696601214939037e-29
7.406512888037107327e-28
8.376765149286865529e-29
1.607846207353924747e-28
5.524926266252843596e-29
3.098860905266492373e-28
5.332443683896003590e-29
1.565499754038568142e-28
6.076344798870619823e-29
1.534014333787950600e-27
5.663650077546470795e-29
1.586054567093590750e-28
5.439710514074453877e-29
3.078403930431787342e-28
6.013273565270024699e-29
1.771521524234603502e-28
9.555685537597410789e-29
7.152415129729693216e-28
9.043961994941063156e-29
1.866353835742986837e-28
5.848344946106340102e-29
3.025705674979233066e-28
5.208998303459523252e-29
1.500548822821388126e-28
5.796670538551409867e-29
5.825929557519611052e-27
5.563575737957479306e-29
1.512953497423715861e-28
5.355110410847627205e-29
3.025840496588402346e-28
5.812577420681804918e-29
1.777419526998081845e-28
8.725494381679985946e-29
7.152415129729693216e-28
9.437872060805810687e-29
1.811822788455536476e-28
5.739727515315323310e-29
3.078386190080452533e-28
5.421493572151121084e-29
1.541419272133996482e-28
5.970127472463993811e-29
1.534014333787950600e-27
5.706542979061487246e-29
1.540280549624162227e-28
5.409199111198186642e-29
3.098742689519789267e-28
5.505235309308327076e-29
1.607365411337082159e-28
8.900441856903529766e-29
7.406512888037107327e-28
1.051454213200108330e-28
1.947934980291174780e-28
6.730719030777565127e-29
3.022713927639955094e-28
6.132109987856925091e-29
1.586056846737909020e-28
6.732225525892163971e-29
1.977932637543249472e-27
8.354701381501747075e-29
1.708959170524382524e-28
7.556077464730072131e-29
3.298653150493446497e-28
9.049993962600767785e-29
2.885823719958371283e-28
1.630500024481450243e-28
9.813236123236141098e-28
1.970523605736088890e-28
5.554271359709532837e-28
2.849467790505888657e-28
4.669144734674656218e-28
1.056001357062355959e-25
3.393072672600499210e-20
1.417031287125399852e-14
2.336528857977573268e-10
1.757024888562486141e-06
2.048712803680518679e-03
1.782034550286625940e+00
2.043051371752478751e+00
2.563223174337379646e+02
1.563315563589152362e+03
2.598845216196062665e+03
4.860008000703759535e+03
5.592403108583875110e+03
4.023488734439172731e+03
7.890252967307671952e+02
4.705563402890071245e+00
5.936404915531556129e-06
7.525632016142986028e-08
4.559555625123210642e-11
