2.400407250441940036e+06
1.039303794597645644e-10
2.960465173796792087e-07
1.156898754134380826e-05
7.592305037170556936e+00
7.780486218841282380e+02
4.004300719469524211e+03
7.516822335739908340e+03
2.476615789716668587e+03
2.178768039848407625e+03
9.422700009953317704e+02
2.201398399307182387e+02
9.402170434607216576e-01
1.057498795408251091e+00
1.385912378722354687e-03
1.698641554934624090e-06
4.484614492203029329e-10
6.522454525498542349e-14
4.223037714116597271e-19
3.529082863993901758e-24
3.978293368300255375e-28
1.785199624358323955e-28
3.061168503678512957e-28
1.798274919369339440e-28
8.306269847774891428e-28
1.703749544280662206e-28
2.335952567543878518e-28
8.113388034737741617e-29
3.174842904304920747e-28
6.801226081182020958e-29
1.582373059064510201e-28
7.837500796158388792e-29
1.938234212548139445e-27
6.221359495775756483e-29
1.567255165418801497e-28
6.818028273871163192e-29
3.003286451926628425e-28
6.280813801427636035e-29
1.668045136319389987e-28
8.686931768226549062e-29
7.112841729687086198e-28
7.722699075572483798e-29
1.577361354867121358e-28
5.427233131313057008e-29
2.996809707747127788e-28
5.303171582991332397e-29
1.529340236249256018e-28
6.180143411777553950e-29
1.524153317965762131e-27
5.580736109986534418e-29
1.527404436710196022e-28
5.293484940674063182e-29
3.020412646467748730e-28
5.787119787278390360e-29
1.655763291936974163e-28
9.020866224086084669e-29
6.841748668375090316e-28
9.504687836620225066e-29
1.798093849318412574e-28
5.731944224556995351e-29
3.029271051345555071e-28
5.159777974732565589e-29
1.476017447219764920e-28
5.776597903552781244e-29
5.713174234395767098e-27
5.501442789283036727e-29
1.483685784851570949e-28
5.310929412514180547e-29
3.029286163033622436e-28
5.696012672762755444e-29
1.704790498536114601e-28
9.001997664502263003e-29
6.841748668375090316e-28
8.707876184955974106e-29
1.673429676684555314e-28
5.540979695842729611e-29
3.020051769996370981e-28
5.319116746770411154e-29
1.496445348640878250e-28
5.982891274897654406e-29
1.524153317965762131e-27
5.722797455210124375e-29
1.501035675841684299e-28
5.376125800778063454e-29
2.996709384264146717e-28
5.449587039864348214e-29
1.573926312035301444e-28
8.503516428964760346e-29
7.112841729687086198e-28
1.033029320129439413e-28
1.765229971043513518e-28
6.171383650329595861e-29
3.003571229832524074e-28
5.839406735878685530e-29
1.523615278891307858e-28
6.484326928442200440e-29
1.938234212548139445e-27
7.179812299487839538e-29
1.571137766165303233e-28
6.970129882621152164e-29
3.175319207184997592e-28
8.032546427566239483e-29
2.290438198889718577e-28
1.556740701406967950e-28
8.306269847774891428e-28
1.800002165534683860e-28
3.055981074425381887e-28
1.677745394528753472e-28
3.977597197206101851e-28
3.528234354030514250e-24
4.223042633112009776e-19
6.522454519671028680e-14
4.484614492203029329e-10
1.698641554935762078e-06
1.385912378722355121e-03
1.057498795408250647e+00
9.402170434607216576e-01
2.201398399307182387e+02
9.422700009953317704e+02
2.178768039848407625e+03
2.476615789716668587e+03
7.516822335739908340e+03
4.004300719469524211e+03
7.780486218841282380e+02
7.592305037170556936e+00
1.156898754134504831e-05
2.960465173797527947e-07
1.039303794594192940e-10
