2.299111654708094429e+06
4.323415210975083567e-11
7.243325502588332448e-08
5.903527281896916055e-06
4.895201445256092576e+00
8.155971931795015735e+02
4.061008372839002277e+03
5.593645022880908982e+03
4.971223785196040808e+03
2.581294416603841000e+03
1.654008442055731393e+03
2.690363637792776785e+02
2.166230969541363294e+00
1.892812063451662530e+00
2.156487551763935657e-03
1.825751532931300337e-06
2.378930356836176458e-10
1.401395318883971960e-14
3.230073904481323328e-20
9.733980808815226701e-26
4.680561481654269954e-28
2.952325269593051017e-28
5.499635271282303015e-28
1.925817057194781142e-28
9.710350387138641634e-28
1.744435074975628955e-28
2.894406131523721162e-28
9.429867551994633756e-29
3.313536118676063044e-28
7.514547063182653267e-29
1.718868189009897980e-28
8.740162519563532009e-29
2.031770733829548122e-27
6.464525582567249784e-29
1.639628866937669092e-28
6.925273458091019826e-29
3.027704175825299257e-28
6.803162133345752904e-29
1.850625241524632141e-28
9.143422753264021366e-29
7.390076311322252456e-28
8.229263292825430517e-29
1.632100757431480186e-28
5.605124572266038685e-29
3.061235122305190862e-28
5.348485122382667745e-29
1.575527450239090601e-28
6.095621757614826950e-29
1.527339602337540786e-27
5.554585330169188882e-29
1.578400023003250782e-28
5.415397951341690386e-29
3.034699514610989199e-28
6.093678149972971964e-29
1.776242770724129211e-28
9.858494150707610352e-29
7.030644588583620356e-28
8.978771980937324227e-29
1.877251525973415900e-28
5.971371587738440024e-29
3.037534417159245548e-28
5.213235368596126887e-29
1.519081452013896295e-28
5.800002364269781857e-29
5.898576297812327433e-27
5.514964145304960961e-29
1.534458196443099909e-28
5.301376055476854392e-29
3.037195889664938432e-28
5.879820256656383923e-29
1.780382551294114509e-28
8.617987275876343633e-29
7.030644588583620356e-28
9.689003488413056372e-29
1.830297458616470885e-28
5.837951218779393095e-29
3.034970170890725882e-28
5.352667471995583166e-29
1.537871212923994458e-28
5.887418740730438096e-29
1.527339602337540786e-27
5.753570293151375858e-29
1.546561779034149813e-28
5.420914581635051883e-29
3.061948946568233824e-28
5.609973083185288114e-29
1.614851787902558783e-28
8.681105678339645385e-29
7.390076311322252456e-28
1.048242529808416147e-28
1.952501300128237653e-28
6.701231848356062335e-29
3.027775829664976565e-28
6.188733747112847922e-29
1.599403370586430506e-28
6.719877072128394923e-29
2.031770733829548122e-27
8.374721657417972616e-29
1.696047324174740479e-28
7.655374058955885451e-29
3.313453686921033570e-28
9.295949558607990067e-29
2.867875380102780589e-28
1.630517621805754718e-28
9.710350387138641634e-28
1.918494535532034888e-28
5.470333301353500114e-28
2.846710865503976121e-28
4.680901960540442793e-28
9.735964815672201940e-26
3.230075871985993026e-20
1.401395322405291319e-14
2.378930356836176458e-10
1.825751532931587692e-06
2.156487551763937825e-03
1.892812063451662308e+00
2.166230969541363294e+00
2.690363637792776785e+02
1.654008442055731393e+03
2.581294416603841000e+03
4.971223785196040808e+03
5.593645022880908982e+03
4.061008372839002277e+03
8.155971931795014598e+02
4.895201445256092576e+00
5.903527281898034985e-06
7.243325502589978868e-08
4.323415211088957256e-11
