2.287798703061845154e+06
4.178968087622687304e-11
6.947062599149138900e-08
5.918619176614668586e-06
5.081720535522966209e+00
8.485411379119484536e+02
4.120451365077118680e+03
5.555506954756725463e+03
5.100958852601920626e+03
2.512047718832998726e+03
1.788135480953980732e+03
2.904959900431749702e+02
2.313023456721567950e+00
2.013442996802401463e+00
2.266379961992563089e-03
1.892911198941886111e-06
2.419091900381847306e-10
1.388653060050070850e-14
3.104589096211768200e-20
9.149672754870354476e-26
4.738252727230694466e-28
2.832661071691052576e-28
5.439834090714735682e-28
1.806583899318492172e-28
1.010578414721477224e-27
1.765611030290632081e-28
2.919171107431437873e-28
9.950451519054312283e-29
3.337114703565005044e-28
7.468506284722414805e-29
1.711318778217465675e-28
8.819200476388318364e-29
2.025244594341743501e-27
6.464467807046838704e-29
1.659053633385289520e-28
6.844246787217754178e-29
3.025298412668348118e-28
6.700030149880828613e-29
1.813260013932822178e-28
9.088222015992929605e-29
7.536297290796493242e-28
8.333446880526369092e-29
1.633963403778385980e-28
5.649898255978681589e-29
3.090914682569766256e-28
5.383559756591692421e-29
1.578063728146830507e-28
6.059615702520002968e-29
1.525608250540649801e-27
5.801036922133318864e-29
1.585673373495598782e-28
5.461335298357260039e-29
3.089289958945627574e-28
6.142036311934559972e-29
1.766894704430964674e-28
9.966705988071364859e-29
7.088230753226882402e-28
8.967135172138293653e-29
1.886798085366310200e-28
5.970029760043464762e-29
3.028734869347076928e-28
5.249677614063302907e-29
1.507838390028290751e-28
5.729428373695372721e-29
5.946641200499962529e-27
5.489511656711063018e-29
1.519636151928863713e-28
5.415442643335697863e-29
3.028890661340404080e-28
5.905857097240888603e-29
1.790746738725286266e-28
8.645653439002880186e-29
7.088230753226882402e-28
9.817030665790636569e-29
1.810622858782569173e-28
5.754945034084520550e-29
3.089518248446461180e-28
5.409596297275311931e-29
1.534736278485724592e-28
6.067470391275349650e-29
1.525608250540649801e-27
5.723391415761703734e-29
1.547436217518498753e-28
5.475797573192274321e-29
3.090994533821120284e-28
5.646950124840557922e-29
1.621995175366797482e-28
8.692447994946476359e-29
7.536297290796493242e-28
1.030849533793838936e-28
1.915267429683770372e-28
6.697802279328046655e-29
3.025224130944620377e-28
6.247621534094625703e-29
1.618041045882161017e-28
6.679380356014570622e-29
2.025244594341743501e-27
8.538164008868034626e-29
1.689838613145590074e-28
7.604025533393556918e-29
3.337189693411066788e-28
9.847574448834374513e-29
2.879279036790104036e-28
1.644912815857807829e-28
1.010578414721477224e-27
1.798162916981220833e-28
5.414509792400057348e-28
2.739664652807896296e-28
4.739806994306178733e-28
9.150458049914323226e-26
3.104590762930719520e-20
1.388653063609187691e-14
2.419091900381847306e-10
1.892911198942103163e-06
2.266379961992569594e-03
2.013442996802401463e+00
2.313023456721567950e+00
2.904959900431749702e+02
1.788135480953980732e+03
2.512047718833000090e+03
5.100958852601920626e+03
5.555506954756727282e+03
4.120451365077118680e+03
8.485411379119483399e+02
5.081720535522967097e+00
5.918619176615668932e-06
6.947062599149898583e-08
4.178968087726419630e-11
