2.280181489232706372e+06
4.144568639167120325e-11
6.832793437720729007e-08
5.975943858616526795e-06
5.152472969947137216e+00
8.763312347922317258e+02
4.107476749122801266e+03
5.485859464647642199e+03
5.125257245401076034e+03
2.381548508942005355e+03
1.873162085752871690e+03
3.035619227495521955e+02
2.357176997455713074e+00
2.034444164186715476e+00
2.268423929045442454e-03
1.879184048836560539e-06
2.374402815116009825e-10
1.347041127729296866e-14
2.978080458519498288e-20
8.664433159624568706e-26
4.663271267362923051e-28
2.841058768934573810e-28
5.291751272027687974e-28
1.746782994669488556e-28
1.018853340322145805e-27
1.773253478128083255e-28
2.864460427716102145e-28
9.772906150836401518e-29
3.312396956155214913e-28
7.349485386357367724e-29
1.686413119358762568e-28
8.842555872285009874e-29
2.009260634374282752e-27
6.381200593352855244e-29
1.648221291208672400e-28
6.989130811364607093e-29
3.002282254414079583e-28
6.688340448990747972e-29
1.787415783352896090e-28
9.080107155906004178e-29
7.656184306277187546e-28
8.314275286659450004e-29
1.636067164388936843e-28
5.594658933310466790e-29
3.060805150474716704e-28
5.360723102229208128e-29
1.594058566320139731e-28
6.117611703607134486e-29
1.541039850575330384e-27
5.695299593984853314e-29
1.579342475706469633e-28
5.395711279237051383e-29
3.033537342643009955e-28
5.910920014721802619e-29
1.789388909443769693e-28
9.778683638526526524e-29
7.155990880451623984e-28
9.021594499767851802e-29
1.883407488276467567e-28
6.046010166352309493e-29
2.995401883283444457e-28
5.251114527625476666e-29
1.500476831113271315e-28
5.714237806143564153e-29
5.943112208586433764e-27
5.466269247053938562e-29
1.512023156631781607e-28
5.398501153327566052e-29
2.995287750278482465e-28
5.974115949901956762e-29
1.784772388742482841e-28
8.611761552641959388e-29
7.155990880451623984e-28
9.758392641516846321e-29
1.832797624712261876e-28
5.743091022306066931e-29
3.033670516112520099e-28
5.395134167053793579e-29
1.537081605277098415e-28
5.935592334817079208e-29
1.541039850575330384e-27
5.775745390591001265e-29
1.562966452349949128e-28
5.458740078586004890e-29
3.060886860759664942e-28
5.587111846912790513e-29
1.621961871724027332e-28
8.822958858812381820e-29
7.656184306277187546e-28
1.024893831098350035e-28
1.888400059931293298e-28
6.633038366616995744e-29
3.002466463041660363e-28
6.257054255453003684e-29
1.602293901163885706e-28
6.688001928515524237e-29
2.009260634374282752e-27
8.493415178733677595e-29
1.668082899609405089e-28
7.448984103940507103e-29
3.312699074134922781e-28
9.749286642704467839e-29
2.832533921673432231e-28
1.649577123626976172e-28
1.018853340322145805e-27
1.732133867885064550e-28
5.276108487428646632e-28
2.759658203000168707e-28
4.664084142158185696e-28
8.664003122672821789e-26
2.978083211398441256e-20
1.347041130577555684e-14
2.374402815116009825e-10
1.879184048836724652e-06
2.268423929045445056e-03
2.034444164186715032e+00
2.357176997455713074e+00
3.035619227495521955e+02
1.873162085752871690e+03
2.381548508942005355e+03
5.125257245401076034e+03
5.485859464647641289e+03
4.107476749122801266e+03
8.763312347922317258e+02
5.152472969947137216e+00
5.975943858617518670e-06
6.832793437721910883e-08
4.144568639251488224e-11
