2.272314442324144300e+06
4.088967477283898835e-11
6.764063970810312344e-08
6.052161417877811117e-06
5.242460697757906907e+00
9.143555583705290246e+02
4.133780460027138361e+03
5.430339930946536697e+03
5.127839065678465886e+03
2.227931533789297191e+03
1.975086588326365018e+03
3.187858551270005023e+02
2.389139336374829004e+00
2.051412406896034657e+00
2.269550330690278065e-03
1.865385733384292267e-06
2.335424643689543766e-10
1.318722423650541538e-14
2.915608465397164492e-20
8.403962705953967759e-26
4.640999407163866306e-28
2.861497139830682325e-28
5.229817973338139100e-28
1.753864850524471865e-28
1.023618028891134124e-27
1.822277608871997136e-28
2.816680020139408814e-28
9.609416184941046444e-29
3.315882177275383180e-28
7.188601911314573035e-29
1.728225271111107275e-28
8.801361132499964233e-29
2.035652635364628303e-27
6.354893087062744560e-29
1.666184093839536687e-28
6.850375370434711215e-29
3.052506392366891051e-28
6.820864830384710460e-29
1.798585634248228176e-28
9.062840671284037556e-29
7.562202551698026012e-28
8.030385731176657628e-29
1.636227243327239775e-28
5.628851428978148184e-29
3.076883229559498802e-28
5.387892506140836028e-29
1.583120996527984919e-28
6.076761426438469537e-29
1.532634533848344481e-27
5.650085393521521412e-29
1.601717743959201730e-28
5.483180370136717824e-29
3.054459289550715184e-28
6.114596342290364197e-29
1.765040157206393003e-28
9.937693070520702430e-29
7.117786730923693577e-28
8.780946801124141135e-29
1.902632883405446681e-28
6.007258731422028981e-29
3.022593936617610410e-28
5.248513878601627170e-29
1.515936977909028247e-28
5.888220710480234995e-29
6.060316123834411429e-27
5.642194339924598564e-29
1.524662343768688437e-28
5.397211719927363145e-29
3.022721729608607311e-28
5.906791058012796904e-29
1.806313847747901078e-28
8.559829518803933978e-29
7.117786730923693577e-28
9.590917386261277137e-29
1.810616014312713517e-28
5.736950058315656270e-29
3.055101415741974188e-28
5.382124633571993567e-29
1.557597577104961848e-28
5.913378714363488259e-29
1.532634533848344481e-27
5.729037985036916651e-29
1.550378708869168219e-28
5.470266004025664007e-29
3.077192829555075403e-28
5.628429079528067001e-29
1.637033648794281070e-28
8.789719616168269821e-29
7.562202551698026012e-28
1.027327472788209616e-28
1.899285128403131821e-28
6.739039699387295093e-29
3.052643631016406748e-28
6.161802407109481250e-29
1.617678377863031195e-28
6.574443319518106725e-29
2.035652635364628303e-27
8.424817343475879974e-29
1.702623395907812328e-28
7.283776675121022991e-29
3.315844436274716285e-28
9.530047407403210056e-29
2.777946803352065147e-28
1.706208261870075218e-28
1.023618028891134124e-27
1.738222431673924682e-28
5.210340403518752082e-28
2.785319539134764612e-28
4.642370682667150156e-28
8.402936498189048949e-26
2.915612313131173871e-20
1.318722425847034956e-14
2.335424643689543766e-10
1.865385733384484967e-06
2.269550330690280667e-03
2.051412406896034657e+00
2.389139336374829004e+00
3.187858551270005592e+02
1.975086588326365018e+03
2.227931533789297191e+03
5.127839065678465886e+03
5.430339930946536697e+03
4.133780460027138361e+03
9.143555583705290246e+02
5.242460697757906907e+00
6.052161417878668314e-06
6.764063970810825858e-08
4.088967477347857990e-11
