2.399901182157072239e+06
1.031044952019461831e-10
2.908407578291583506e-07
1.153312094239614768e-05
7.494307704473056830e+00
7.650987054173779143e+02
4.052500388535520415e+03
7.530435854578581711e+03
2.468788469431587600e+03
2.144134070035180684e+03
9.452228042693380985e+02
2.144857591272739796e+02
9.209972273962605538e-01
1.032084942501281466e+00
1.339669767396920461e-03
1.612330723428752581e-06
4.194317004230368043e-10
6.030822876598157966e-14
3.865744539699598781e-19
3.202004044970734510e-24
3.883125379215030652e-28
1.793043678803626342e-28
3.066089581060342373e-28
1.799225975051774100e-28
8.288826548792014803e-28
1.684272362283155714e-28
2.360563915967631341e-28
8.103557815705409940e-29
3.171387959064390551e-28
6.874247590325880022e-29
1.576988438507176223e-28
7.751401369883606167e-29
1.950950893496201288e-27
6.101887606401735734e-29
1.602308550095475289e-28
6.948891922728877732e-29
2.979083536394544627e-28
6.276813125525174331e-29
1.691078902679880725e-28
8.599936064347581624e-29
7.080972097164604012e-28
7.717000080976093630e-29
1.547949108843476477e-28
5.468172960548045130e-29
3.026863253920279885e-28
5.209531045775176130e-29
1.525906090535256467e-28
6.069998170502072049e-29
1.513785542072953394e-27
5.593767837768191621e-29
1.512900894472160130e-28
5.303232389229712689e-29
2.973480018372081697e-28
5.734292108380717301e-29
1.634799881550251160e-28
8.994688428944505048e-29
6.830434279187702753e-28
9.397427724924112080e-29
1.802527843476458701e-28
5.731708080497277024e-29
3.000798940485263449e-28
5.108561148794734067e-29
1.478470049213687921e-28
5.728031272969017717e-29
5.748167169054659206e-27
5.437486336756446892e-29
1.485175029065879010e-28
5.281626031457483495e-29
3.000688787205933937e-28
5.735923321441275558e-29
1.707214993108596308e-28
8.907711464395681275e-29
6.830434279187702753e-28
8.752050760701530766e-29
1.658419391579347450e-28
5.482015243390015565e-29
2.973830269337133513e-28
5.339712602192366429e-29
1.480421532764297811e-28
5.917077360906258709e-29
1.513785542072953394e-27
5.640477209157080620e-29
1.499370703323397714e-28
5.258687287827869017e-29
3.026600070999686419e-28
5.461186481044933469e-29
1.543085932226720825e-28
8.422445797850028659e-29
7.080972097164604012e-28
1.030468281810813266e-28
1.786206293482355253e-28
6.128931270038842010e-29
2.978729821085064757e-28
5.918806480352605314e-29
1.556291421694072071e-28
6.399268987142865197e-29
1.950950893496201288e-27
7.125125659861990610e-29
1.563661461895064294e-28
7.119847719764497577e-29
3.171875117881903332e-28
8.076057154486970753e-29
2.318885514687066902e-28
1.542266554999237236e-28
8.288826548792014803e-28
1.795871436956182385e-28
3.061708517701365138e-28
1.675848559733310979e-28
3.882459907664604264e-28
3.201160105004393341e-24
3.865749160694626841e-19
6.030822870838782947e-14
4.194317004230368043e-10
1.612330723429808831e-06
1.339669767396920244e-03
1.032084942501281466e+00
9.209972273962607758e-01
2.144857591272739796e+02
9.452228042693380985e+02
2.144134070035181139e+03
2.468788469431587600e+03
7.530435854578583530e+03
4.052500388535520415e+03
7.650987054173779143e+02
7.494307704473058607e+00
1.153312094239743686e-05
2.908407578292463361e-07
1.031044952019306735e-10
