2.260393676421409938e+06
3.958436058995195024e-11
6.651738594670444537e-08
6.112486417016169531e-06
5.385754820759228956e+00
9.707555621231680334e+02
4.278707479807234449e+03
5.288462803090724265e+03
5.062776087277205988e+03
2.029470807726318299e+03
2.193482071879711839e+03
3.483173426272383608e+02
2.497137053546318874e+00
2.139362597562040058e+00
2.359326154683093722e-03
1.920750049254096606e-06
2.393916072096171738e-10
1.362305904286299347e-14
3.056020888705948069e-20
8.712351416960574446e-26
4.687422456048259324e-28
2.940791672533256029e-28
5.414518264440852310e-28
1.775215893945481524e-28
1.036433510628341846e-27
1.842238163922089569e-28
2.873445759545655663e-28
9.401063768544696683e-29
3.391006235208004892e-28
7.245806809426058814e-29
1.682636056496163701e-28
9.259481500841433444e-29
2.022595810542999230e-27
6.428008418594021549e-29
1.690999014687607606e-28
7.019245140033702388e-29
3.004580122838234146e-28
6.857866899130064314e-29
1.816644338660770186e-28
9.256824984070799769e-29
7.800061507999626393e-28
8.307993598317606827e-29
1.650956599053416270e-28
5.577492100332317048e-29
3.066800592982940132e-28
5.388453595926201113e-29
1.599666981900332131e-28
6.092246457427771560e-29
1.558850526258152256e-27
5.687587401578070777e-29
1.598448164115761376e-28
5.481528566148322309e-29
3.059371354774592890e-28
6.032489917976874427e-29
1.807534946995423948e-28
9.764994247946274081e-29
7.206339256005222110e-28
8.844339890010245862e-29
1.929685011237583868e-28
6.011564752421067262e-29
3.001219833551754718e-28
5.303772508555623988e-29
1.513391223694472418e-28
5.665478181636795596e-29
5.904167078290900094e-27
5.456825794219938603e-29
1.526760917072134978e-28
5.459611873063069316e-29
3.001119956757665937e-28
5.890380271287238799e-29
1.821677222992511046e-28
8.488062448838960213e-29
7.206339256005222110e-28
9.660202649312013942e-29
1.854222753962330909e-28
5.721558792130712120e-29
3.059217964324102231e-28
5.419866460269464509e-29
1.556235868568203809e-28
5.985415005781518920e-29
1.558850526258152256e-27
5.748424415927576349e-29
1.571079024037526655e-28
5.468813205436730095e-29
3.066737022788284331e-28
5.603105253555646795e-29
1.651765282757672631e-28
8.725426005422877710e-29
7.800061507999626393e-28
1.063107833055548792e-28
1.914689030184834350e-28
6.781946479581174947e-29
3.004388362769936887e-28
6.280931204309668314e-29
1.640205708075479931e-28
6.648926331761244395e-29
2.022595810542999230e-27
8.854125623919132411e-29
1.657547993361863426e-28
7.397317026696270287e-29
3.390999046309885892e-28
9.344569673883674499e-29
2.836261180808856851e-28
1.734941636223654674e-28
1.036433510628341846e-27
1.758243181551216362e-28
5.396015300649246466e-28
2.885180734973814588e-28
4.688326658703436453e-28
8.712276609735766858e-26
3.056024956543001416e-20
1.362305905959242822e-14
2.393916072096171738e-10
1.920750049254196132e-06
2.359326154683098059e-03
2.139362597562040502e+00
2.497137053546318874e+00
3.483173426272383608e+02
2.193482071879712294e+03
2.029470807726318299e+03
5.062776087277205988e+03
5.288462803090725174e+03
4.278707479807234449e+03
9.707555621231680334e+02
5.385754820759228956e+00
6.112486417016837840e-06
6.651738594671666118e-08
3.958436059037047132e-11
