2.240970614504083525e+06
3.494322095538069756e-11
6.142038699851383208e-08
5.821722107931379993e-06
5.262735603258809292e+00
1.029125999312364002e+03
4.503817088751681695e+03
5.122368426531353180e+03
4.784629990142140741e+03
1.811025641115641747e+03
2.506582289853708517e+03
3.921065249167455136e+02
2.750248108519543599e+00
2.435648649131989085e+00
2.740528549353967152e-03
2.197398035102322945e-06
2.734971270389245231e-10
1.562169489434661406e-14
3.490721844959208082e-20
9.861784431247341359e-26
5.101570975006811446e-28
2.783422667612477670e-28
5.814400517301596072e-28
1.826333704783889575e-28
1.036024356324483283e-27
2.091804684080237794e-28
2.852924581387326077e-28
9.517040513313618735e-29
3.425826669443112620e-28
6.977803630710853922e-29
1.700877320697439060e-28
9.830301996737738758e-29
2.013680334713231345e-27
6.547546389789194719e-29
1.683611339797502127e-28
6.991764460226146923e-29
3.037254245626022448e-28
6.698637698868135726e-29
1.841896213783616956e-28
9.389251782841689492e-29
7.780551435730145118e-28
8.142065934879200282e-29
1.689806279696953680e-28
5.654711041501757822e-29
3.113815452139024859e-28
5.437392745609210811e-29
1.593052938427551969e-28
5.983408382761597438e-29
1.531917154531627204e-27
5.701500948629934284e-29
1.602652957313184815e-28
5.478857532619755526e-29
3.076840676765558421e-28
6.017027485025035439e-29
1.835653348960983894e-28
9.481319691399208567e-29
7.146811419435005217e-28
9.028766051977922688e-29
1.937699283734529664e-28
6.006202566175213511e-29
3.029105567344017169e-28
5.252285895636143915e-29
1.521461035195099877e-28
5.675046657511973287e-29
5.848636295527173811e-27
5.473401697302970162e-29
1.537691387578363890e-28
5.397181845407551408e-29
3.028645088694545105e-28
5.920174796599912179e-29
1.834249468891592408e-28
8.600138840975168175e-29
7.146811419435005217e-28
9.456557310499923181e-29
1.901384479515741938e-28
5.717558842133287710e-29
3.076839373074502756e-28
5.445140696950610813e-29
1.557468676892618298e-28
5.965248865098136884e-29
1.531917154531627204e-27
5.715974287850151991e-29
1.560358301927972989e-28
5.489816179624981046e-29
3.113866973498682639e-28
5.668743292040136408e-29
1.691744299701334192e-28
8.780224394106116397e-29
7.780551435730145118e-28
1.081945800007811897e-28
1.948112180174351347e-28
6.618444311032878126e-29
3.037466536166367796e-28
6.282559981472178483e-29
1.637422012831369645e-28
6.717194431959565865e-29
2.013680334713231345e-27
9.506167320460969047e-29
1.667638521423534961e-28
7.073870526809305083e-29
3.426031628624847998e-28
9.444068014599195770e-29
2.819507630231006777e-28
1.975837569065506385e-28
1.036024356324483283e-27
1.803425754113424069e-28
5.787758994972968846e-28
2.727748537245761212e-28
5.102692417560759277e-28
9.863518672627212210e-26
3.490723193700487144e-20
1.562169491414377583e-14
2.734971270389245231e-10
2.197398035102348780e-06
2.740528549353973223e-03
2.435648649131989973e+00
2.750248108519543599e+00
3.921065249167455136e+02
2.506582289853708517e+03
1.811025641115642202e+03
4.784629990142140741e+03
5.122368426531353180e+03
4.503817088751682604e+03
1.029125999312364002e+03
5.262735603258809292e+00
5.821722107932064395e-06
6.142038699855444996e-08
3.494322095559562881e-11
