2.161927678824031260e+06
2.401923453785788105e-11
4.174716881661097527e-08
4.792621378016631399e-06
4.233367593330451761e+00
1.021349128713745358e+03
3.602193073121122779e+03
3.819242089886230588e+03
3.427131085365567287e+03
2.491022225871704450e+03
3.245823433385743556e+03
5.542431862967716825e+02
4.326774593956606907e+00
3.314535369083854377e+00
3.339317414340548917e-03
2.243925672554092294e-06
2.443763348699324640e-10
1.294758693625826863e-14
2.697963784080602216e-20
7.049157151298742698e-26
4.940674001526681361e-28
2.295568535256746276e-28
5.224402201818633204e-28
2.003046052741803198e-28
9.917922916408187401e-28
1.801004329084667049e-28
3.063747487107642468e-28
8.865001012901785333e-29
3.458787090266275573e-28
7.403720855374252520e-29
1.664020248018949064e-28
7.903347084594782748e-29
1.977244521480702328e-27
6.155265234835878009e-29
1.639100837939771037e-28
6.419190163286744538e-29
3.009503673156825049e-28
6.611391253034955770e-29
1.824757803177251982e-28
8.556599242559153087e-29
7.501113006208842827e-28
8.349984586425609630e-29
1.684576794928284646e-28
5.568635655466365284e-29
3.069459456242113052e-28
5.259674879715658316e-29
1.567417165097665504e-28
5.914613456927670118e-29
1.530979555562791414e-27
5.506686690675807461e-29
1.613802367146510147e-28
5.306612985337134129e-29
3.049350018329535658e-28
6.181249851355409437e-29
1.832883933303800639e-28
9.272980221474858049e-29
7.111702443014323620e-28
8.396490638954265037e-29
1.896073867310071865e-28
5.929130776129407216e-29
3.012159288876363968e-28
5.064118555958202850e-29
1.506010548292297293e-28
5.606888079075733379e-29
5.690880896765248575e-27
5.391606234489660750e-29
1.528754605658088127e-28
5.187388421081206896e-29
3.012015968507680925e-28
5.837969492192715034e-29
1.813576232240119355e-28
8.247712064688576965e-29
7.111702443014323620e-28
9.163394137001933204e-29
1.889521341906791479e-28
5.817719544719055956e-29
3.048982659890009620e-28
5.218950109515505317e-29
1.555550195173806769e-28
5.798472218418265722e-29
1.530979555562791414e-27
5.673989446234037901e-29
1.543666425631270058e-28
5.351453108588362391e-29
3.069342505305452790e-28
5.563426943573006511e-29
1.677788845651747956e-28
8.606841479289813988e-29
7.501113006208842827e-28
9.496190339169650588e-29
1.916667029681110440e-28
6.454884807203148232e-29
3.009884160441693856e-28
5.999567157153592569e-29
1.605362552379884937e-28
6.264043280050894453e-29
1.977244521480702328e-27
7.513464879212520056e-29
1.633907621204878438e-28
7.545362405201026910e-29
3.459589645187342034e-28
8.805454872318153817e-29
3.030033415852682850e-28
1.743012244565313085e-28
9.917922916408187401e-28
2.001156856200724341e-28
5.234435391318468507e-28
2.247131966389162803e-28
4.941078295694256267e-28
7.050580486446360429e-26
2.697957863188395192e-20
1.294758695328692305e-14
2.443763348699324640e-10
2.243925672553917805e-06
3.339317414340566264e-03
3.314535369083854377e+00
4.326774593956607795e+00
5.542431862967717962e+02
3.245823433385743556e+03
2.491022225871704450e+03
3.427131085365567287e+03
3.819242089886230588e+03
3.602193073121122779e+03
1.021349128713745358e+03
4.233367593330451761e+00
4.792621378016048640e-06
4.174716881663990674e-08
2.401923453963676850e-11
