2.154507099062778521e+06
2.204346080237701004e-11
3.827853156436152327e-08
4.416027938423944294e-06
3.998042019613339271e+00
1.029340263484428306e+03
3.385607390730724092e+03
3.803482573282311023e+03
3.220649994008292197e+03
2.403437296016787968e+03
3.284608824365502642e+03
5.517314387417256967e+02
4.321774478983337886e+00
3.214609653401948819e+00
3.142359891127843342e-03
2.056710525426168637e-06
2.180269167159801110e-10
1.128875838458781578e-14
2.294563326109627133e-20
5.769597008772675037e-26
4.664442779832090287e-28
2.246693782967419844e-28
4.642779432185845191e-28
2.067586895797259472e-28
9.604558060080890721e-28
1.672491195369192858e-28
3.014964774126785210e-28
8.624822092152463766e-29
3.482694095961081610e-28
7.200104924367884691e-29
1.650283387518701537e-28
7.629510053882061552e-29
2.012133570953767343e-27
6.155139806578387120e-29
1.622680848654794490e-28
6.277687546957397810e-29
3.023488287661964037e-28
6.430703259069452601e-29
1.789288069967927954e-28
8.265154138716231161e-29
7.403862560789666540e-28
7.929037313674248605e-29
1.645873749017985453e-28
5.510174189741563992e-29
3.072964422525460396e-28
5.126795781584076620e-29
1.589406054946127606e-28
5.836575547465894953e-29
1.527762947190558615e-27
5.291504525043780344e-29
1.577857871935683918e-28
5.189949709444192340e-29
3.042928072984275346e-28
6.093812786616958320e-29
1.801077090932942277e-28
8.761677388932804855e-29
6.989904005417518657e-28
7.927040481708196901e-29
1.836735465746974527e-28
5.866164553870735963e-29
3.002667910473711916e-28
5.072528776023943424e-29
1.492262426499274377e-28
5.464959463909947501e-29
5.763576750693214427e-27
5.235405485708602404e-29
1.514450762861410519e-28
5.194471525532353567e-29
3.002718751678135197e-28
5.792443741172313282e-29
1.760463996781737592e-28
7.818976286627274806e-29
6.989904005417518657e-28
8.801631782215846718e-29
1.852068742226276454e-28
5.730348019707416135e-29
3.043078308763777044e-28
5.163053429077883291e-29
1.529702085964523905e-28
5.586377679703095486e-29
1.527762947190558615e-27
5.575481859467705546e-29
1.566086782025516873e-28
5.187336919621780299e-29
3.072969823711399148e-28
5.488595420017451484e-29
1.647365020417208302e-28
8.196772335845547107e-29
7.403862560789666540e-28
9.263842326002509572e-29
1.878123022341420031e-28
6.309726227868178625e-29
3.023503348436511254e-28
5.847308824685815892e-29
1.588623489279288819e-28
6.288151189837080594e-29
2.012133570953767343e-27
7.297786443028078654e-29
1.627384810172711474e-28
7.298612220501537854e-29
3.482963752164587591e-28
8.555464221407332215e-29
2.987460849750324749e-28
1.614924995609669062e-28
9.604558060080890721e-28
2.065562216265483331e-28
4.672235729611351959e-28
2.195696890449124373e-28
4.664984994157296636e-28
5.770420460890528909e-26
2.294558925007878636e-20
1.128875839088534130e-14
2.180269167159801110e-10
2.056710525426074193e-06
3.142359891127857654e-03
3.214609653401948819e+00
4.321774478983336998e+00
5.517314387417256967e+02
3.284608824365502642e+03
2.403437296016787968e+03
3.220649994008292197e+03
3.803482573282311023e+03
3.385607390730724092e+03
1.029340263484428306e+03
3.998042019613338383e+00
4.416027938423133683e-06
3.827853156439871993e-08
2.204346080416161343e-11
