2.148508886851552408e+06
2.048725616695723112e-11
3.538499173206605470e-08
4.040042983727508160e-06
3.774424299239017344e+00
1.060203085787031114e+03
3.174575922179200461e+03
3.833088616481496956e+03
3.152782888013220600e+03
2.313759137099782038e+03
3.198821355182362367e+03
5.340096333459865718e+02
4.189753824526269987e+00
3.118619690881431428e+00
2.994806370135137414e-03
1.929635834602784527e-06
1.994904476256329449e-10
1.001519775658752294e-14
1.968023477337784128e-20
4.749801016989322262e-26
4.407882844408834421e-28
2.312915279645569162e-28
4.126806390472409586e-28
1.977399857895770030e-28
9.188215178108625301e-28
1.531891523957719402e-28
2.970452910073488251e-28
8.074993002261303710e-29
3.448049964994130547e-28
7.059458416086261764e-29
1.619274750723260353e-28
7.422378265078020615e-29
1.971655504605897070e-27
6.023575214644017906e-29
1.610004004596973182e-28
6.276455666273753207e-29
3.018630494435948077e-28
6.418834485408902921e-29
1.755184565061018570e-28
7.955241610053124948e-29
7.239869524137990543e-28
7.610218927317036678e-29
1.647759172149840724e-28
5.487632150074845915e-29
3.043907221452310339e-28
5.150591078595524213e-29
1.552412643236500420e-28
5.625293168128683234e-29
1.533258479784675470e-27
5.331228788899377641e-29
1.565729139413983402e-28
5.231332443016097006e-29
3.023405450338823296e-28
5.937328391924291971e-29
1.804416731398433411e-28
8.531941882464301595e-29
6.881325510425653420e-28
7.874416365408638236e-29
1.812455498335155193e-28
5.844960582972554649e-29
3.005359615466761437e-28
4.993222151610054720e-29
1.480459781537063988e-28
5.431563951956214870e-29
5.885234104071175290e-27
5.208799191675738889e-29
1.502433347610298278e-28
5.092939267022584613e-29
3.005345787507706942e-28
5.743357465253818359e-29
1.737363476536095156e-28
7.702379151693748004e-29
6.881325510425653420e-28
8.624514556084795637e-29
1.854913500637102789e-28
5.654293882724206615e-29
3.023374840980349259e-28
5.161833706012351282e-29
1.518593233639720289e-28
5.588422824813484223e-29
1.533258479784675470e-27
5.378750657857877850e-29
1.532248378801537552e-28
5.200981272420691418e-29
3.043526260986147093e-28
5.445683117805867570e-29
1.650922916336086515e-28
8.028017250135328786e-29
7.239869524137990543e-28
8.887847551505687914e-29
1.834308521975917222e-28
6.319665667174281041e-29
3.018631534424153562e-28
5.841092894922507645e-29
1.581805773547037289e-28
6.169831206160752296e-29
1.971655504605897070e-27
7.117502425083329429e-29
1.593437388655912047e-28
7.170549036741730219e-29
3.448798557497129504e-28
8.016933329217593648e-29
2.944014306319769372e-28
1.472366837332786160e-28
9.188215178108625301e-28
1.974530584985014292e-28
4.143229738182599651e-28
2.261094233459737459e-28
4.408373849317262390e-28
4.751278353988106373e-26
1.968021115280235870e-20
1.001519775654677039e-14
1.994904476256329449e-10
1.929635834602727352e-06
2.994806370135149123e-03
3.118619690881431428e+00
4.189753824526269987e+00
5.340096333459865718e+02
3.198821355182363277e+03
2.313759137099782038e+03
3.152782888013220600e+03
3.833088616481496956e+03
3.174575922179200461e+03
1.060203085787031114e+03
3.774424299239017788e+00
4.040042983726623011e-06
3.538499173211374662e-08
2.048725616867311713e-11
