2.142874714354929049e+06
1.953344779895162216e-11
3.292833854787371900e-08
3.751980871158855094e-06
3.590391672946059654e+00
1.116185684180912176e+03
2.945851293003199771e+03
3.994514324556329029e+03
3.208371328195597471e+03
2.259534168894183040e+03
3.123767128592762219e+03
5.218132451750904011e+02
4.057540378792965363e+00
3.031811793930347498e+00
2.861060482692333491e-03
1.826158943179934169e-06
1.855373450044099313e-10
8.995161090079559595e-15
1.690381682134113182e-20
3.889460436153608928e-26
4.225027476388637345e-28
2.423849744630379828e-28
3.818978475619539772e-28
1.879154070722505968e-28
8.901524014964058394e-28
1.443835554655187422e-28
2.932152978334205968e-28
7.767952124347289708e-29
3.451746034648064843e-28
7.076079239051101399e-29
1.621360841861260094e-28
7.359183852660584609e-29
1.974111394418162206e-27
6.087739766702168721e-29
1.596474845709995072e-28
6.160319644675621922e-29
2.976393557461572800e-28
6.357689430541386874e-29
1.742748936794395550e-28
7.739508636128454572e-29
7.263014936069206605e-28
7.680830909979045686e-29
1.626626828242572711e-28
5.513038399136783377e-29
2.993697597698833848e-28
5.099712890683057762e-29
1.542180207744326136e-28
5.666870070211015538e-29
1.522654199424593975e-27
5.262043279628773330e-29
1.583758166941091843e-28
5.197996921724840674e-29
3.020968527600489388e-28
6.052176365971561923e-29
1.758197587807972886e-28
8.490102747042755123e-29
6.943982203342009699e-28
8.016894095845446845e-29
1.788346447210633118e-28
5.858015966128265664e-29
2.969237608285639667e-28
4.957795232339429047e-29
1.488126394825200661e-28
5.455426232401531006e-29
5.713970154207655783e-27
5.196658034379185188e-29
1.507515586135306972e-28
5.088023226924745259e-29
2.969253730717010870e-28
5.745983049793262717e-29
1.710616362483457059e-28
7.716710393127097415e-29
6.943982203342009699e-28
8.593935814065812267e-29
1.812464158978151900e-28
5.606021454933573619e-29
3.020514345040651999e-28
5.145870725193464538e-29
1.535749633385270012e-28
5.512493036726445567e-29
1.522654199424593975e-27
5.467794310638545407e-29
1.524611102350158158e-28
5.174522682453300883e-29
2.993932656891988316e-28
5.506559593465975802e-29
1.624274789175329970e-28
7.994397407661019890e-29
7.263014936069206605e-28
8.632827767861107276e-29
1.823078966186994731e-28
6.220481156556594847e-29
2.976283621916912995e-28
5.738901755708995744e-29
1.563831499335767390e-28
6.181220131387444255e-29
1.974111394418162206e-27
7.045676336319809562e-29
1.595574081673018247e-28
7.232271222961875820e-29
3.451985911044651020e-28
7.646245873143389026e-29
2.910797977822744201e-28
1.376551732345976414e-28
8.901524014964058394e-28
1.862847677196743868e-28
3.834524008561874912e-28
2.350648002966450098e-28
4.225330413264936220e-28
3.889540005348221497e-26
1.690381305395620773e-20
8.995161081310436622e-15
1.855373450044099313e-10
1.826158943179923581e-06
2.861060482692343466e-03
3.031811793930347942e+00
4.057540378792965363e+00
5.218132451750904011e+02
3.123767128592762219e+03
2.259534168894183040e+03
3.208371328195597471e+03
3.994514324556329029e+03
2.945851293003200226e+03
1.116185684180912631e+03
3.590391672946058765e+00
3.751980871157911923e-06
3.292833854792449466e-08
1.953344780066311701e-11
