2.131568322553079575e+06
1.851939894031332550e-11
3.003905869394199293e-08
3.478948477662173765e-06
3.455538527228468659e+00
1.225067613745161225e+03
2.983303312191480472e+03
4.360801475389747793e+03
3.343573135989473030e+03
2.279235679165423790e+03
3.343362525937908231e+03
5.427603851398956749e+02
4.060188307935589158e+00
2.959828410942720645e+00
2.651753183988235854e-03
1.610299856505108160e-06
1.577793316568706434e-10
7.304952623862192811e-15
1.285112908541313772e-20
2.722693946357501321e-26
4.065921885510538523e-28
2.653470190419662196e-28
3.536091105907492295e-28
1.749403685942939176e-28
8.730488971808560839e-28
1.380556588740972786e-28
2.766792253323838277e-28
7.583832318164172052e-29
3.418638906102694671e-28
7.128214366171600321e-29
1.599349999114586668e-28
7.374337386929456990e-29
2.015970349737698818e-27
6.096945030858536509e-29
1.606874499424577938e-28
6.351659582332122319e-29
3.001415551913701994e-28
6.367381861232207099e-29
1.730178534928490161e-28
7.984391850948018123e-29
7.257124962336347015e-28
7.816171742087581758e-29
1.655378317787681803e-28
5.491547022839028362e-29
3.011025671046485543e-28
5.268781729449656505e-29
1.549552278895391184e-28
5.724654103432971794e-29
1.534251007391668729e-27
5.287567444160101620e-29
1.576284922021152306e-28
5.294012411078470343e-29
3.041091176288891413e-28
6.156015850277376930e-29
1.777785266500599788e-28
8.670302080445994075e-29
6.899342805537239834e-28
7.985780034059978201e-29
1.803992529096713767e-28
5.976239104208739511e-29
2.985048314973889344e-28
5.105721541142015473e-29
1.504484160255746037e-28
5.450501319640886508e-29
6.039693490453412554e-27
5.221567380139035680e-29
1.524379224148260640e-28
5.205240458241389165e-29
2.984750311942897901e-28
5.826218779988516305e-29
1.729116072483883101e-28
7.784693136538920365e-29
6.899342805537239834e-28
8.548311024330584495e-29
1.852946724187270300e-28
5.749291524983236924e-29
3.040747873054611402e-28
5.267929350116190219e-29
1.518990704314634508e-28
5.567001771893048604e-29
1.534251007391668729e-27
5.471863832129494493e-29
1.529685047176766040e-28
5.341015714245534041e-29
3.011013221088354175e-28
5.484149552533660733e-29
1.638205023349787233e-28
8.044348112929504435e-29
7.257124962336347015e-28
9.178455039146684409e-29
1.805913837914908467e-28
6.225084333953204392e-29
3.001493086441727718e-28
5.831019949906553606e-29
1.570467983668068604e-28
6.251118252788710554e-29
2.015970349737698818e-27
6.983421281606422624e-29
1.571476943094440039e-28
7.374566188718554208e-29
3.419072832793638057e-28
7.459719033532381174e-29
2.751388387880032207e-28
1.308995536386707730e-28
8.730488971808560839e-28
1.747553942910444998e-28
3.557533243516052415e-28
2.550484160807729528e-28
4.066631128723551071e-28
2.720850164350160598e-26
1.285112963649439866e-20
7.304952614991035414e-15
1.577793316568706434e-10
1.610299856505162582e-06
2.651753183988247563e-03
2.959828410942720645e+00
4.060188307935589158e+00
5.427603851398956749e+02
3.343362525937909140e+03
2.279235679165424244e+03
3.343573135989473030e+03
4.360801475389747793e+03
2.983303312191480927e+03
1.225067613745161225e+03
3.455538527228468659e+00
3.478948477661144620e-06
3.003905869399973014e-08
1.851939894203535074e-11
