2.114381400743414648e+06
1.689945944098246556e-11
2.735948673707317789e-08
3.290730637075166300e-06
3.575861616693616796e+00
1.331906511543177658e+03
3.254190824895036712e+03
4.846171606353788775e+03
3.663098185204561560e+03
2.303521079214406200e+03
3.405315917433661525e+03
5.151018834247289533e+02
3.592343376264213628e+00
2.632279415763179031e+00
2.289709666985629069e-03
1.224579693303650111e-06
1.130414763845981594e-10
5.171853649256807780e-15
8.734979627382560387e-21
1.691125512397777483e-26
3.999114951131886703e-28
3.209126359876033919e-28
4.906378780091164821e-28
1.698179687520206990e-28
8.523442560267562236e-28
1.396145536830544970e-28
2.957381067386646223e-28
8.074978315171555849e-29
3.554171453207316018e-28
7.767469193515584380e-29
1.647381385921776914e-28
7.757566592760084709e-29
1.974581139859749074e-27
6.109255479631820717e-29
1.626399387772062147e-28
6.506155087649381274e-29
2.978209736561079244e-28
6.572521092950030001e-29
1.690809599206338697e-28
8.332633768344602414e-29
7.353632443008835298e-28
7.671259311234229335e-29
1.666617962208814881e-28
5.668725348763397774e-29
3.053754001075103332e-28
5.262912668740251428e-29
1.570114696070700149e-28
5.955628593022820279e-29
1.534372795933092311e-27
5.534092455359644995e-29
1.602136307146574502e-28
5.335519367301362140e-29
3.026704882590598368e-28
6.165164034239091228e-29
1.771763648086080707e-28
8.759061642964330738e-29
6.933331276572053589e-28
8.335720031710634904e-29
1.820891780479050146e-28
6.042428664819940853e-29
3.024392382493359109e-28
5.202966703549694334e-29
1.492625718122909394e-28
5.710660161281857608e-29
5.731508707363717077e-27
5.481842498918641181e-29
1.515945462756587398e-28
5.347643966180140442e-29
3.024251469287940886e-28
5.938386165456362293e-29
1.736955644173815879e-28
8.123109461896576401e-29
6.933331276572053589e-28
8.676636914130831354e-29
1.858160534574814033e-28
5.834255617887731850e-29
3.026621554456421827e-28
5.286574688632671589e-29
1.537782770267532244e-28
5.798002277009459548e-29
1.534372795933092311e-27
5.663795099467263518e-29
1.553905435967244166e-28
5.331582207479065700e-29
3.053930412052080424e-28
5.643924772266581139e-29
1.660054317008389720e-28
8.122051999631048439e-29
7.353632443008835298e-28
9.563299462695409879e-29
1.768912735445193977e-28
6.422570603942035606e-29
2.978216777597303018e-28
5.929030538694565923e-29
1.591956827596391018e-28
6.230338250051118913e-29
1.974581139859749074e-27
7.403031315063031746e-29
1.619247382353188118e-28
8.040407096448182284e-29
3.554875265606353435e-28
7.826037819801786214e-29
2.937768328998812506e-28
1.316784184001638080e-28
8.523442560267562236e-28
1.699907880569397757e-28
4.928515289551334200e-28
3.074426037795161682e-28
3.999487930613107270e-28
1.686890654680024150e-26
8.734962319581258463e-21
5.171853641262088259e-15
1.130414763845981594e-10
1.224579693303550373e-06
2.289709666985637309e-03
2.632279415763179031e+00
3.592343376264213628e+00
5.151018834247289533e+02
3.405315917433661525e+03
2.303521079214406655e+03
3.663098185204561560e+03
4.846171606353788775e+03
3.254190824895036712e+03
1.331906511543177658e+03
3.575861616693616796e+00
3.290730637074079557e-06
2.735948673711738904e-08
1.689945944234363327e-11
