2.207898036212613806e+06
3.062152094628110008e-11
5.249500726111252407e-08
5.564680778837203765e-06
4.820196140264621398e+00
1.093009767906107754e+03
4.215181890725531048e+03
4.843117888510009834e+03
4.602930655491833932e+03
1.881034785659175668e+03
2.731571885786430357e+03
4.523666713378769941e+02
3.372085184859014095e+00
3.190775495597224953e+00
3.743301154770028918e-03
2.993958383277637456e-06
3.774072602744026799e-10
2.164846288765966606e-14
4.764166066966705462e-20
1.369883299079591809e-25
6.685382621724737096e-28
2.656988076223337900e-28
6.673906328708219289e-28
2.011604155741518880e-28
1.036702705948836318e-27
2.315567534938784079e-28
2.959613994910765059e-28
9.319669962894027298e-29
3.528835841107282358e-28
7.402822723860030982e-29
1.704639074027176778e-28
9.699616494669561177e-29
2.006245099287770981e-27
6.471592821951467063e-29
1.712949334498532727e-28
6.657283532017987603e-29
3.066272147237725461e-28
6.766720198927707226e-29
1.816425512386793855e-28
9.053385480987290511e-29
7.584513037949562687e-28
8.076706434021906610e-29
1.683000150737739987e-28
5.750015475380855868e-29
3.073387377804241461e-28
5.334486803275500922e-29
1.604607918772871265e-28
5.909093994165461160e-29
1.537567176279403507e-27
5.535871041189297602e-29
1.593644223720708398e-28
5.393146959108289813e-29
3.082070379027086633e-28
6.163354025974438728e-29
1.794986598091052660e-28
9.335000497073490562e-29
7.216165745714135461e-28
8.700114380310767451e-29
1.904389117912842226e-28
6.095509108053001297e-29
3.035852631724121560e-28
5.167866352637063143e-29
1.525837331680400755e-28
5.628628116058690088e-29
5.844507035072754761e-27
5.402358188639964153e-29
1.544938707642929447e-28
5.285660833733108960e-29
3.035666797198426739e-28
5.968491067922444926e-29
1.802659559587189994e-28
8.223911384161576138e-29
7.216165745714135461e-28
9.568644980581284364e-29
1.845204091580790322e-28
5.914299093080914589e-29
3.082100364692721432e-28
5.363641731457615642e-29
1.543793230987521173e-28
5.787616380095862876e-29
1.537567176279403507e-27
5.587940707312739969e-29
1.572303917831694341e-28
5.401451324784636236e-29
3.073414663566703340e-28
5.731337828084884812e-29
1.664392868128814609e-28
8.509543195931722759e-29
7.584513037949562687e-28
1.036463802382524012e-28
1.916632053195434016e-28
6.689854899047669177e-29
3.066616331871531588e-28
6.057867682239172016e-29
1.662492434063063413e-28
6.593991710707178916e-29
2.006245099287770981e-27
9.400659535933956663e-29
1.673523260782983447e-28
7.464594679429486181e-29
3.529000179102871916e-28
9.191017788272503281e-29
2.914897047594582277e-28
2.205427776586206390e-28
1.036702705948836318e-27
1.985656133821068104e-28
6.663753676808984188e-28
2.585850094336842532e-28
6.686796247474585005e-28
1.370095304823623681e-25
4.764159882868064396e-20
2.164846293840889300e-14
3.774072602744026799e-10
2.993958383277471437e-06
3.743301154770037591e-03
3.190775495597224953e+00
3.372085184859014095e+00
4.523666713378769941e+02
2.731571885786430357e+03
1.881034785659175668e+03
4.602930655491833932e+03
4.843117888510009834e+03
4.215181890725531048e+03
1.093009767906107754e+03
4.820196140264621398e+00
5.564680778837566295e-06
5.249500726113117203e-08
3.062152094730162123e-11
