2.105843713817398064e+06
1.568693451460094370e-11
2.576643979740957652e-08
3.238669625672674436e-06
3.598966637729491769e+00
1.377202905413629196e+03
3.346084858383842857e+03
4.964930057812874111e+03
3.855860265898397756e+03
2.366284481297844195e+03
3.444696533755497967e+03
5.243827417341362889e+02
3.595208953522225137e+00
2.710672016211410185e+00
2.378054336188093962e-03
1.199050455573273635e-06
1.073591314568402982e-10
4.859094611553880655e-15
7.997443639861567574e-21
1.484346358186094202e-26
4.043385237639080182e-28
3.596552419037610496e-28
5.903373658083615100e-28
1.700258318451400684e-28
8.566605907497645974e-28
1.453808652537073640e-28
3.133263121832747738e-28
8.122745073731008040e-29
3.589431405182380069e-28
8.403201443051288472e-29
1.652616890835047612e-28
8.044332167209428299e-29
1.983011455107097638e-27
6.171277980329340432e-29
1.639303187389510381e-28
6.549419287885055300e-29
3.029757787112467254e-28
6.575597788272863690e-29
1.745580619607089442e-28
8.621641622561569857e-29
7.396574385854396257e-28
7.738738193122903929e-29
1.675389359657981221e-28
5.822602735252331286e-29
3.029929187685703787e-28
5.390963198549156849e-29
1.577031111884581912e-28
5.951418315501492809e-29
1.524949241544238491e-27
5.601961552526533628e-29
1.628985425499108590e-28
5.423332814073300328e-29
3.039621023904513684e-28
6.171664765407777781e-29
1.779872570535619077e-28
9.002052025980724040e-29
6.937956124761478023e-28
8.613122478602480640e-29
1.807265167866421505e-28
6.061910765396702142e-29
3.014219229713502309e-28
5.263140579101246221e-29
1.520991089130161404e-28
5.655986831824372226e-29
5.783064780377357325e-27
5.466659156290456942e-29
1.539575799897169672e-28
5.399456734463878444e-29
3.014167099132564744e-28
5.934160501460654916e-29
1.734279620079455252e-28
8.353819897829647847e-29
6.937956124761478023e-28
9.069562194042704223e-29
1.821519816035862069e-28
5.852984435745200563e-29
3.039347092288042297e-28
5.449681500193361739e-29
1.564903643869015337e-28
5.940155783258598347e-29
1.524949241544238491e-27
5.657573560598956248e-29
1.555774539063504887e-28
5.461718578887974689e-29
3.029935914296990296e-28
5.800606466020960677e-29
1.673466199311440162e-28
8.175008639764449150e-29
7.396574385854396257e-28
9.877003812858865399e-29
1.823029167027261352e-28
6.449859908611004617e-29
3.029845171974529550e-28
5.962081206985731990e-29
1.605170123811503386e-28
6.278344871700795436e-29
1.983011455107097638e-27
7.614278126541051376e-29
1.621704108764335126e-28
8.622009548548791603e-29
3.589829548478070700e-28
7.932748481437984505e-29
3.107825716764736507e-28
1.367851125520390852e-28
8.566605907497645974e-28
1.689366822312862958e-28
5.941059191019643366e-28
3.458703537860973316e-28
4.043900153071458496e-28
1.480386095996519447e-26
7.997434046880260804e-21
4.859094593595994629e-15
1.073591314568402982e-10
1.199050455573259447e-06
2.378054336188096564e-03
2.710672016211411961e+00
3.595208953522225137e+00
5.243827417341361752e+02
3.444696533755498876e+03
2.366284481297844195e+03
3.855860265898397756e+03
4.964930057812874111e+03
3.346084858383842857e+03
1.377202905413629423e+03
3.598966637729492657e+00
3.238669625671431839e-06
2.576643979744036749e-08
1.568693451584376965e-11
