2.103020804687260650e+06
1.524507497889919393e-11
2.521301591936425740e-08
3.221167851217038347e-06
3.639570899767850864e+00
1.389060128925391837e+03
3.354983954576175165e+03
4.952424584042874812e+03
3.895610352820518528e+03
2.364831952839464066e+03
3.446632220644582503e+03
5.242154439821014194e+02
3.588592477858958851e+00
2.729618479481867865e+00
2.409816525047588261e-03
1.204201795926796236e-06
1.068047683725441518e-10
4.798811494072548165e-15
7.854219181791750252e-21
1.447396208456204849e-26
4.045861364105387611e-28
3.516073076383094876e-28
5.902313430289580761e-28
1.711546394271816830e-28
8.649128359076622653e-28
1.454382204033516134e-28
3.171141002930695392e-28
8.154352389167669684e-29
3.636795851192291263e-28
8.375721264745115603e-29
1.633627086260423882e-28
7.935647839421644407e-29
2.001694873956238742e-27
6.205301484079891931e-29
1.636920360217027541e-28
6.489445973419087436e-29
3.046588309595850024e-28
6.585552161740329778e-29
1.714461162003687417e-28
8.554390404956318379e-29
7.375519856226551487e-28
7.821959487764756680e-29
1.679540350974137525e-28
5.830905902864754860e-29
3.067520688679736761e-28
5.365413468337897264e-29
1.573845826440786052e-28
5.990638265096209890e-29
1.540140322287371928e-27
5.480461039187907390e-29
1.596524158678568762e-28
5.448959458775636562e-29
3.030487685267004821e-28
6.262453608117187690e-29
1.779263693415669307e-28
8.919566567628857968e-29
6.988824824736097943e-28
8.482577368696248899e-29
1.814762088400399257e-28
6.241765482090303904e-29
3.060750319018763359e-28
5.246212915861341434e-29
1.515773624806738641e-28
5.742144637615431544e-29
5.866729573783939950e-27
5.511418421281617113e-29
1.535935543043211540e-28
5.385106374887581142e-29
3.060579016276304703e-28
6.097280934347141391e-29
1.732700157090615273e-28
8.264858221428434213e-29
6.988824824736097943e-28
8.904788357937057410e-29
1.828146231356303769e-28
5.913770630116969486e-29
3.030041507223526453e-28
5.411720759313556807e-29
1.542130217926011300e-28
5.820303219197407980e-29
1.540140322287371928e-27
5.703763641910856562e-29
1.557777798032292107e-28
5.438289950487831564e-29
3.067484822550245147e-28
5.805862518681608901e-29
1.668532805917473264e-28
8.135559812990136236e-29
7.375519856226551487e-28
9.823567755173858411e-29
1.797501677227858393e-28
6.427708589056195586e-29
3.046953465735833478e-28
5.922638220582333390e-29
1.600552536333912279e-28
6.289639136811140069e-29
2.001694873956238742e-27
7.529731065154064339e-29
1.602625643197139037e-28
8.582689141136784963e-29
3.637482239529744604e-28
7.953842852778905910e-29
3.146916263155790235e-28
1.371612255271804787e-28
8.649128359076622653e-28
1.701384058806312641e-28
5.946605834551100337e-28
3.394536942337612737e-28
4.046446457645929015e-28
1.443982941393048046e-26
7.854214510498143971e-21
4.798811475638307692e-15
1.068047683725441518e-10
1.204201795926743508e-06
2.409816525047592164e-03
2.729618479481868309e+00
3.588592477858958851e+00
5.242154439821015330e+02
3.446632220644582503e+03
2.364831952839464066e+03
3.895610352820518528e+03
4.952424584042874812e+03
3.354983954576175165e+03
1.389060128925391382e+03
3.639570899767850864e+00
3.221167851215810572e-06
2.521301591939126319e-08
1.524507498010774035e-11
