2.085013365977807436e+06
1.342414834026140329e-11
2.215729917481650005e-08
3.118528577339631928e-06
4.019049049120699380e+00
1.443650319515160163e+03
3.454736593866306976e+03
4.729738891756541307e+03
4.065816638329304624e+03
2.453991586274424662e+03
3.477659295942311928e+03
4.903845556995111110e+02
4.248598383894605313e+00
3.403264432569018894e+00
3.223664540888853021e-03
1.713323506061383529e-06
1.464918950062850134e-10
6.111442856100957200e-15
9.892443524513570041e-21
1.863398744826828683e-26
3.958262867086772054e-28
2.899335097078412245e-28
4.866095258000068436e-28
1.675168564428114892e-28
8.785869287939295993e-28
1.527655086868909700e-28
3.214252345736370640e-28
7.552564969775704589e-29
3.606469430398669490e-28
7.568167003132299563e-29
1.634512042628053486e-28
7.367522195511498720e-29
1.938131278959860285e-27
6.253206956394947851e-29
1.638147828675973640e-28
6.477321937374343973e-29
3.000591069968848802e-28
6.602505457639454520e-29
1.756538535645096832e-28
8.281170138758316460e-29
7.313222086431001386e-28
7.864631246628915663e-29
1.681010715959069755e-28
5.738093859125078579e-29
3.032750356795115671e-28
5.374090125403831288e-29
1.565334028669740175e-28
6.002473464793435271e-29
1.538211599228592439e-27
5.573600317969537822e-29
1.608598374760717065e-28
5.528431736067485747e-29
3.036193952061667568e-28
6.218767132566163642e-29
1.794011683602417432e-28
9.017556618754836005e-29
6.996534644614319260e-28
8.341899382199003552e-29
1.822513416511998847e-28
6.146501852285700864e-29
3.011560046767081427e-28
5.383965124013918547e-29
1.513577648866198246e-28
5.678913398357799672e-29
5.496660918628923770e-27
5.463960684865317522e-29
1.537573818762530204e-28
5.486472354918008323e-29
3.011665127129188088e-28
5.997919673478264725e-29
1.744261720838283369e-28
8.008660950366940701e-29
6.996534644614319260e-28
8.763220009330607378e-29
1.855144053431775936e-28
5.939382424384688996e-29
3.036523136642649808e-28
5.427478897929520171e-29
1.552006796071615260e-28
5.871422664032396666e-29
1.538211599228592439e-27
5.711150237006974861e-29
1.548803942915267767e-28
5.435504914139001738e-29
3.032999195231606378e-28
5.750489071055689904e-29
1.666663645948804302e-28
8.233300168849675738e-29
7.313222086431001386e-28
9.437277288551445664e-29
1.844702048207696553e-28
6.438410409534208133e-29
3.000497624110944139e-28
5.925888158283631613e-29
1.601878135379029965e-28
6.369092146530523635e-29
1.938131278959860285e-27
7.020288444000849998e-29
1.605750812875313157e-28
7.603112556379511149e-29
3.606838730984685452e-28
7.424345800858804347e-29
3.195178314191589933e-28
1.457655447234302295e-28
8.785869287939295993e-28
1.644731262454835817e-28
4.898145199197427770e-28
2.823429778228284155e-28
3.958891193648421359e-28
1.864809606881292527e-26
9.892430380463145732e-21
6.111442846541836573e-15
1.464918950062850134e-10
1.713323506061461033e-06
3.223664540888862128e-03
3.403264432569018449e+00
4.248598383894605313e+00
4.903845556995111679e+02
3.477659295942311928e+03
2.453991586274425117e+03
4.065816638329304624e+03
4.729738891756541307e+03
3.454736593866306976e+03
1.443650319515160163e+03
4.019049049120699380e+00
3.118528577338542221e-06
2.215729917481445526e-08
1.342414834146277973e-11
