2.069369624794055475e+06
1.237563648165782726e-11
2.059997485511131304e-08
3.006925028657649625e-06
4.350979811131754360e+00
1.458886132547933357e+03
3.713256010305616655e+03
4.674771739108705333e+03
4.345246963526150466e+03
2.753412943457006804e+03
3.747211962764295549e+03
5.387648305646636118e+02
6.095341955436229142e+00
4.919252508282476732e+00
4.742949000761528637e-03
2.553842800812259541e-06
2.056132912526385831e-10
8.000699120915294189e-15
1.256792260951611244e-20
2.328229900303741704e-26
4.184542162897487812e-28
2.917599472806929032e-28
5.332243167248284363e-28
1.587395881476882117e-28
9.078932542327291080e-28
1.626066152816567716e-28
3.337428725076710017e-28
7.610896049815879002e-29
3.685481326992546912e-28
7.573478453225942825e-29
1.664296601275836689e-28
7.563795871123769291e-29
1.992324737734088091e-27
6.211184590853833705e-29
1.646873929196816636e-28
6.429477785226461888e-29
3.061306859941426238e-28
6.888603571215453360e-29
1.789288336274650090e-28
8.627634644445082117e-29
7.331658755731561370e-28
8.024145007470303862e-29
1.714821085419616310e-28
5.877747117572907411e-29
3.064613147455186907e-28
5.453822634963611923e-29
1.568577454347467788e-28
6.103706608259963898e-29
1.533783939525486109e-27
5.729230879451540672e-29
1.627959671499341478e-28
5.534886598015872998e-29
3.053339392822546407e-28
6.274060599517328437e-29
1.844144880123683213e-28
9.320769127702233576e-29
7.025844272805137157e-28
8.451284367011015698e-29
1.849059313711370056e-28
6.371856186463067522e-29
3.053084096423275627e-28
5.396703482397214520e-29
1.542649329723462928e-28
5.768336545971835292e-29
5.800451370794968099e-27
5.581878021266964540e-29
1.566394142036422321e-28
5.489579307573110194e-29
3.053041375583752616e-28
6.203504538762529156e-29
1.761461853190066773e-28
8.366553830136792720e-29
7.025844272805137157e-28
9.238484907549742595e-29
1.890558200628093247e-28
6.063801815681076884e-29
3.053519299791802051e-28
5.525299404530272023e-29
1.566757568358974942e-28
6.046253854593767140e-29
1.533783939525486109e-27
5.806043263540800449e-29
1.547231770740534785e-28
5.487443090395169704e-29
3.064045642932239671e-28
5.903068030846813655e-29
1.694937881966786137e-28
8.265588834249196523e-29
7.331658755731561370e-28
1.007440858740576987e-28
1.883637452666967751e-28
6.720908848230696028e-29
3.061515524174071101e-28
5.932659253862276191e-29
1.613380479470820954e-28
6.411630424136928679e-29
1.992324737734088091e-27
7.229126208334398429e-29
1.630122201500085246e-28
7.688821791416684444e-29
3.686180072415453081e-28
7.477546115247933877e-29
3.302782985872028298e-28
1.567134921811180632e-28
9.078932542327291080e-28
1.577113949881251266e-28
5.364431192974236173e-28
2.857698553132127447e-28
4.185210141144647979e-28
2.327817071068235286e-26
1.256793401398021195e-20
8.000699140812447234e-15
2.056132912526385831e-10
2.553842800812518733e-06
4.742949000761539045e-03
4.919252508282476732e+00
6.095341955436230030e+00
5.387648305646634981e+02
3.747211962764296459e+03
2.753412943457006804e+03
4.345246963526150466e+03
4.674771739108705333e+03
3.713256010305616655e+03
1.458886132547933357e+03
4.350979811131754360e+00
3.006925028656923294e-06
2.059997485509954392e-08
1.237563648278732623e-11
