2.035470668650041102e+06
1.050612384103256514e-11
1.857709336553835024e-08
2.806588016295969501e-06
5.096430882742863488e+00
1.345614103249325353e+03
3.760471132286784268e+03
4.188689698061055424e+03
4.440609628295624134e+03
2.581900205742439084e+03
3.941556775705500513e+03
5.905243271344648974e+02
8.252306445906363308e+00
6.489985944660420891e+00
5.983902449003795226e-03
3.064708527593458152e-06
2.181730624514583807e-10
7.576306335007794845e-15
1.116633213262513830e-20
1.855716758852105304e-26
4.528121641811121054e-28
2.778193852931142129e-28
6.420552844169271607e-28
1.654946353026766113e-28
9.586347611920188090e-28
1.596291958526104521e-28
3.235585767425020167e-28
7.758648286213932360e-29
3.611321290403888473e-28
7.494835918853226862e-29
1.691265370276204546e-28
8.173420523314411931e-29
2.013989537756657101e-27
6.307107917311433316e-29
1.680060587734659968e-28
6.609026822694046164e-29
3.045246684784748584e-28
6.933363500322476842e-29
1.862516378178367038e-28
8.847885219533530556e-29
7.562446953260325334e-28
8.340356511433908354e-29
1.721747491444001204e-28
5.956904297234991606e-29
3.116929368383312316e-28
5.533725676947219389e-29
1.611288448390595932e-28
6.121532563975842533e-29
1.540961133490401596e-27
5.658439265964856848e-29
1.671168002765308515e-28
5.569963623980388362e-29
3.090264744635736366e-28
6.345717222276573298e-29
1.876816659957437923e-28
9.537479841935450308e-29
7.099216108895354935e-28
8.600726709181524741e-29
1.899569303034660841e-28
6.331974145463760389e-29
3.026177827858528049e-28
5.351507093932556374e-29
1.530607743106633925e-28
5.674011269257610318e-29
5.865469791309845627e-27
5.487926901498022936e-29
1.558501086806656597e-28
5.494504619081208907e-29
3.026124955646387009e-28
6.217355136862717384e-29
1.814069728357114814e-28
8.450210389437861413e-29
7.099216108895354935e-28
9.240704973492695349e-29
1.946177437778643742e-28
6.120447451188008679e-29
3.090283326725013243e-28
5.505579599973402290e-29
1.607950818777986653e-28
5.883571806403673867e-29
1.540961133490401596e-27
5.844668639240078885e-29
1.586561864863199607e-28
5.625560975964228949e-29
3.116968278893720155e-28
5.980608063827703035e-29
1.716506508902229865e-28
8.686907607971882528e-29
7.562446953260325334e-28
1.009084161835596974e-28
1.966140985344375042e-28
6.693600271072208221e-29
3.045207376283607206e-28
6.169092667385707900e-29
1.645545088232770619e-28
6.483031618417602997e-29
2.013989537756657101e-27
7.750612991764449933e-29
1.659242811820355581e-28
7.554283680302593190e-29
3.612551825545124835e-28
7.690907758000178482e-29
3.204884160204292304e-28
1.542766658008028836e-28
9.586347611920188090e-28
1.688267498883581756e-28
6.451149087979693575e-28
2.704895079015611561e-28
4.529016142648465914e-28
1.853277773267791906e-26
1.116644967441711338e-20
7.576306363566045828e-15
2.181730624514583807e-10
3.064708527593699980e-06
5.983902449003807369e-03
6.489985944660421779e+00
8.252306445906363308e+00
5.905243271344648974e+02
3.941556775705501423e+03
2.581900205742439084e+03
4.440609628295624134e+03
4.188689698061056333e+03
3.760471132286784268e+03
1.345614103249325581e+03
5.096430882742863488e+00
2.806588016295443494e-06
1.857709336552179670e-08
1.050612384189248563e-11
