2.029444865557204466e+06
1.031970700734146396e-11
1.786003585895046295e-08
2.704459600223186925e-06
5.094883204465293858e+00
1.289997445793259431e+03
3.668418390528156579e+03
3.965821595162582071e+03
4.410200669472203117e+03
2.517219779253245633e+03
3.893996365408731435e+03
5.425996467043344182e+02
8.208906386784006415e+00
6.503334652529770388e+00
5.966458659843802866e-03
3.019367914944863685e-06
2.107513571261582499e-10
7.193824375915025614e-15
1.051303612679759357e-20
1.712614130283524999e-26
4.514521870855982605e-28
2.746126319122908254e-28
6.343487836796483116e-28
1.637994150575168255e-28
9.459960805615427035e-28
1.513993478648758203e-28
3.212284535512147664e-28
7.814469948445366359e-29
3.553388396479825557e-28
7.364785627732981343e-29
1.686848812026197295e-28
7.838961176000852346e-29
2.003572879683254155e-27
6.328478785467848190e-29
1.685934478871750578e-28
6.509752736643893856e-29
3.029445861303333830e-28
6.871145931631886805e-29
1.808444027131768036e-28
8.621793230436606148e-29
7.767570231534412937e-28
8.393581326403829508e-29
1.727617909663738581e-28
5.828219679609069796e-29
3.098022972140381805e-28
5.476512831646691395e-29
1.584536421684580350e-28
5.958308810474563248e-29
1.550636500740084389e-27
5.617041409992659154e-29
1.640640115574127703e-28
5.458580117683090308e-29
3.077868794463778689e-28
6.224697684618921467e-29
1.891163178891705440e-28
9.237939443830805907e-29
7.180184944566267570e-28
8.413728518524018335e-29
1.929384781395987985e-28
6.222951665023189950e-29
3.026441661690077663e-28
5.313007384910088570e-29
1.541730259590886800e-28
5.612282516315348648e-29
5.977643054373191546e-27
5.402514206702519939e-29
1.560880433739273950e-28
5.382035779060263817e-29
3.026334482188000868e-28
6.121079916897322928e-29
1.844281485070515022e-28
8.271169593926153427e-29
7.180184944566267570e-28
9.162893205140992025e-29
1.959577435667775476e-28
6.045863925208062219e-29
3.078102920945255372e-28
5.393662718735017796e-29
1.574818565382165658e-28
5.901318276453734179e-29
1.550636500740084389e-27
5.671513715288479060e-29
1.563376028439105638e-28
5.574165600155316780e-29
3.098300608027556461e-28
5.849686622787455961e-29
1.719091704356558164e-28
8.785839573243152626e-29
7.767570231534412937e-28
9.700753659264093244e-29
1.899630739158216491e-28
6.630899595804835052e-29
3.029823286626502159e-28
6.043986322376297481e-29
1.649449780786104105e-28
6.426245843560308555e-29
2.003572879683254155e-27
7.549312110765228353e-29
1.649845961681132094e-28
7.382397569956555719e-29
3.554419937695235512e-28
7.748056368513288055e-29
3.170541356005890337e-28
1.451186426937138843e-28
9.459960805615427035e-28
1.647547090106638345e-28
6.371751465253339792e-28
2.673311226816291845e-28
4.514915894219874452e-28
1.710424908077019398e-26
1.051315863729235323e-20
7.193824400647264919e-15
2.107513571261582499e-10
3.019367914945032668e-06
5.966458659843814141e-03
6.503334652529771276e+00
8.208906386784006415e+00
5.425996467043344182e+02
3.893996365408731435e+03
2.517219779253245633e+03
4.410200669472203117e+03
3.965821595162582526e+03
3.668418390528156579e+03
1.289997445793259431e+03
5.094883204465293858e+00
2.704459600222688446e-06
1.786003585892732505e-08
1.031970700814343656e-11
