2.023902917840454262e+06
1.015539670348758959e-11
1.703049241309507883e-08
2.588242868050371906e-06
5.056613492408317256e+00
1.236113226788287648e+03
3.607976926845538401e+03
3.759522118406066056e+03
4.366819995081384150e+03
2.481947108714245587e+03
3.836915307976842541e+03
4.862645333087239692e+02
8.057724328830275340e+00
6.529542738686640924e+00
6.034033807500762715e-03
3.032241937606706762e-06
2.085318888487829064e-10
7.040069130101791642e-15
1.025703035065781177e-20
1.645462598638290377e-26
4.494450589302819427e-28
2.792596158309030685e-28
6.436792102768577140e-28
1.632677848171287301e-28
9.307920908040208611e-28
1.454197071838773286e-28
3.310815187728839896e-28
7.883117908188319018e-29
3.535689114623575887e-28
7.197812425903768633e-29
1.689714472943197761e-28
7.707152508984180113e-29
1.998772811950975276e-27
6.142385807991823500e-29
1.689378683138353778e-28
6.487048637847554715e-29
3.086263054913845368e-28
6.687171650382298672e-29
1.817976991458221016e-28
8.374917708523711588e-29
7.663615787490012652e-28
8.108414349094580544e-29
1.715774435835565004e-28
5.766126079051104410e-29
3.065606244843618987e-28
5.344779085211300235e-29
1.586308570372166985e-28
5.942292798698977670e-29
1.560235703331518008e-27
5.595430767072020153e-29
1.634384711166544653e-28
5.507066593152779765e-29
3.080900417398222808e-28
6.109100022314730550e-29
1.846308801943235889e-28
9.037574341550723273e-29
7.116094658897701087e-28
8.275695540108404786e-29
1.885620908780817456e-28
6.062649212669545296e-29
3.029575398655891911e-28
5.205083246408514809e-29
1.528758598842173109e-28
5.520748391776036252e-29
5.886557186419673317e-27
5.348289594910458551e-29
1.547898365119547262e-28
5.266325365951667464e-29
3.029337864025935732e-28
5.960006695584488626e-29
1.802735026654870579e-28
8.049459178729003372e-29
7.116094658897701087e-28
8.990086565949917232e-29
1.915234011397889768e-28
5.969964884573542334e-29
3.080720601824794158e-28
5.460218156103947961e-29
1.571903924676139937e-28
5.814710685792712941e-29
1.560235703331518008e-27
5.668919305823556239e-29
1.559604941455918586e-28
5.434998704027719501e-29
3.066017103410238263e-28
5.778033164646372814e-29
1.701298979935498718e-28
8.473324830250065250e-29
7.663615787490012652e-28
9.413791507864942665e-29
1.910229766854265588e-28
6.472105797374179787e-29
3.086240555008038944e-28
6.056925446462621172e-29
1.651936055040888796e-28
6.268304152505472152e-29
1.998772811950975276e-27
7.455342011657188121e-29
1.650618573653696143e-28
7.229995481130701769e-29
3.536600985039910668e-28
7.779082825081496796e-29
3.282925359599011721e-28
1.400529695175638163e-28
9.307920908040208611e-28
1.636513334703125518e-28
6.427862289922747160e-28
2.726941799505843203e-28
4.494927081853713204e-28
1.644121177335255829e-26
1.025715663143860504e-20
7.040069155457343869e-15
2.085318888487829064e-10
3.032241937606678387e-06
6.034033807500769654e-03
6.529542738686642700e+00
8.057724328830275340e+00
4.862645333087239692e+02
3.836915307976842541e+03
2.481947108714246042e+03
4.366819995081384150e+03
3.759522118406066056e+03
3.607976926845538401e+03
1.236113226788287420e+03
5.056613492408315480e+00
2.588242868049799736e-06
1.703049241306186919e-08
1.015539670411287998e-11
