2.015415332539011957e+06
9.905487902955966302e-12
1.575473503786593891e-08
2.398406392473194197e-06
4.963667884530383212e+00
1.179290159392091482e+03
3.591108301550922988e+03
3.495097331712435789e+03
4.272499527562887124e+03
2.461890691071157107e+03
3.757346308329976637e+03
4.262905154939308545e+02
7.777893946816810455e+00
6.601098116192939180e+00
6.252180048515540954e-03
3.111620805505157289e-06
2.102832840830495075e-10
7.068335163683554519e-15
1.030579982763749580e-20
1.609456658170597491e-26
4.584157795101657651e-28
2.899948412048608451e-28
6.435771428722540339e-28
1.726397173089724735e-28
9.443105053558947440e-28
1.472804536586082554e-28
3.291117718577299032e-28
8.115988395967440385e-29
3.665257082131223756e-28
7.176633207474905536e-29
1.690035660680416603e-28
7.678713888030280911e-29
2.074741139507971986e-27
6.213440810156162904e-29
1.691371143374825278e-28
6.301852502726483832e-29
3.043353545080835831e-28
6.577662411011119033e-29
1.794615632045244016e-28
8.206940114287629854e-29
7.562036573206054188e-28
8.036409474839960241e-29
1.728286850051556784e-28
5.688630904009562766e-29
3.083381535312983150e-28
5.265099089723396990e-29
1.614113463004834519e-28
5.816504219755302693e-29
1.541156160988493568e-27
5.487970929839459916e-29
1.629885470184842567e-28
5.344351725443115091e-29
3.049463967194310699e-28
5.982072630424117804e-29
1.835207228753677749e-28
8.990367952706406135e-29
7.159296242902808657e-28
7.915798973754269065e-29
1.880336654904758437e-28
6.009924838191172620e-29
3.046372029366940104e-28
5.187479761169787623e-29
1.531140344754780759e-28
5.476246478930633217e-29
6.085567708951773341e-27
5.328090029945419590e-29
1.552225560185506909e-28
5.256045223227718023e-29
3.046150728943496175e-28
5.908738396232090417e-29
1.793941817221092755e-28
7.785115722092741721e-29
7.159296242902808657e-28
8.857502197112004300e-29
1.904817317948391002e-28
5.861626233951387774e-29
3.049869544736517941e-28
5.323677090999409200e-29
1.573972407228882138e-28
5.737147247245392786e-29
1.541156160988493568e-27
5.546944666851701311e-29
1.586978370292901212e-28
5.350555330852853392e-29
3.083505540052985838e-28
5.665753820783202014e-29
1.712283199060487867e-28
8.308894083667205062e-29
7.562036573206054188e-28
9.146400557887842883e-29
1.889684922532793626e-28
6.398491658371761298e-29
3.043689814178687059e-28
5.924758625772120082e-29
1.651954758996032747e-28
6.334587435312520237e-29
2.074741139507971986e-27
7.420133981720134319e-29
1.650039837422700581e-28
7.149017467168839310e-29
3.666833168639191923e-28
8.015072843822156784e-29
3.259300359297235974e-28
1.423826534430306516e-28
9.443105053558947440e-28
1.726774766644413653e-28
6.422058607168041376e-28
2.847959992125392137e-28
4.584624920348453726e-28
1.609508836688994834e-26
1.030593011152133752e-20
7.068335187932407471e-15
2.102832840830495075e-10
3.111620805504958660e-06
6.252180048515543556e-03
6.601098116192941845e+00
7.777893946816810455e+00
4.262905154939307977e+02
3.757346308329976637e+03
2.461890691071158017e+03
4.272499527562887124e+03
3.495097331712435789e+03
3.591108301550922988e+03
1.179290159392091482e+03
4.963667884530383212e+00
2.398406392472651249e-06
1.575473503782018258e-08
9.905487903366664707e-12
