2.005640191639688797e+06
9.463214071180585966e-12
1.437975942333305426e-08
2.218711189461825939e-06
4.963097829239512926e+00
1.141265205053979571e+03
3.617335687267164303e+03
3.320192972674982684e+03
4.148582311870643025e+03
2.573125943215811276e+03
3.768133640623211249e+03
4.085026565646398353e+02
7.724158785938364247e+00
6.793492415981936539e+00
6.593740116347775009e-03
3.260561097362077340e-06
2.175496890966773375e-10
7.311080517111330574e-15
1.060589980471577782e-20
1.615718810990727567e-26
4.705932008823431945e-28
3.108257365445210389e-28
6.738652676824892843e-28
1.727962412235009213e-28
9.596426680542390453e-28
1.589895739502785360e-28
3.285679073804206363e-28
8.418399074040997777e-29
3.628597868301018377e-28
7.134859654955170407e-29
1.675015033731777866e-28
7.846052629912052588e-29
1.991084969351683466e-27
6.183478316321800984e-29
1.688976033660678178e-28
6.300201377905530489e-29
3.002508218123833642e-28
6.579819558644946519e-29
1.794087593035609446e-28
8.532336376196511255e-29
7.696106584703922850e-28
8.054008883442084450e-29
1.734438125434560736e-28
5.667322841166020005e-29
3.091281867670375340e-28
5.378814396681632208e-29
1.614130491663085142e-28
5.744391602335101613e-29
1.530259301193219481e-27
5.448667260502591661e-29
1.637748005662373965e-28
5.361193233192135134e-29
3.020978096779295308e-28
6.034049131859659432e-29
1.840311265733730763e-28
9.421618467487998255e-29
7.185910927017163141e-28
7.863870464458584069e-29
1.905451914372974494e-28
5.964149094856098471e-29
3.027562731449948615e-28
5.209358903629886835e-29
1.518718461968367755e-28
5.464308366561414426e-29
5.705610559811850418e-27
5.315378787933933911e-29
1.533542833937607715e-28
5.265157512857401088e-29
3.027985458918650475e-28
5.869413278137051001e-29
1.818444990392717952e-28
7.808280983770605450e-29
7.185910927017163141e-28
9.281107901808887542e-29
1.909166015482129465e-28
5.953627724752448981e-29
3.020162698446212335e-28
5.321377697264057537e-29
1.585599327524165783e-28
5.680575974325149766e-29
1.530259301193219481e-27
5.522612394313848931e-29
1.591952983128045150e-28
5.453232110175013482e-29
3.091741787405695027e-28
5.665805233636617582e-29
1.720172709627127706e-28
8.370802866416330070e-29
7.696106584703922850e-28
9.434098768174487793e-29
1.881968118053823394e-28
6.371577245127505791e-29
3.002737199237186592e-28
5.927815835543182674e-29
1.652889847536617884e-28
6.299301980819573624e-29
1.991084969351683466e-27
7.562820633387642742e-29
1.645038980570281446e-28
7.127172258039627168e-29
3.629445186507534859e-28
8.354461039123498739e-29
3.247289854989112766e-28
1.542831392904973003e-28
9.596426680542390453e-28
1.724247639718373383e-28
6.710880252182988582e-28
3.051303308859742699e-28
4.706392573017578997e-28
1.617388530980453715e-26
1.060602158210573297e-20
7.311080542618297553e-15
2.175496890966773375e-10
3.260561097361758432e-06
6.593740116347781947e-03
6.793492415981939203e+00
7.724158785938364247e+00
4.085026565646398353e+02
3.768133640623211249e+03
2.573125943215811731e+03
4.148582311870643025e+03
3.320192972674982684e+03
3.617335687267164303e+03
1.141265205053979571e+03
4.963097829239512926e+00
2.218711189461313484e-06
1.437975942328400576e-08
9.463214071410081734e-12
