2.002419764164876891e+06
9.284355823323438029e-12
1.397548185777395587e-08
2.158139881904884734e-06
4.987232583089287630e+00
1.133521246679291153e+03
3.626215928388718567e+03
3.285079842760030715e+03
4.099533787349850172e+03
2.603450059214530484e+03
3.751222198793529969e+03
4.054445645283372528e+02
7.664491864836731949e+00
6.782117434265658495e+00
6.600134811315461550e-03
3.258883921196439069e-06
2.173118818126528303e-10
7.307498757154255228e-15
1.057938848855423034e-20
1.604646021604391414e-26
4.803872987928085910e-28
3.151658253551417363e-28
6.633205578812531286e-28
1.708703695983519630e-28
9.527557670629810736e-28
1.556798695755276105e-28
3.258384905862972928e-28
8.405943077685074319e-29
3.660759377156384223e-28
7.169577525665397329e-29
1.671888264210358492e-28
7.791204932945202263e-29
2.005888022806355971e-27
6.269510763034864818e-29
1.693474494573880528e-28
6.374040900114422777e-29
3.049988655415561752e-28
6.604302637869743001e-29
1.809578314338021426e-28
8.572308106343437400e-29
7.690595003172926361e-28
8.059904039280492810e-29
1.709456695851967140e-28
5.624786141755763193e-29
3.072115268308907681e-28
5.362251388314784570e-29
1.602276027366283810e-28
5.751835791814578663e-29
1.564076335583579941e-27
5.421197808208855622e-29
1.618434663825676572e-28
5.444343343242379278e-29
3.084424032181196855e-28
6.047390658264788429e-29
1.828212465419570288e-28
9.480106283629292074e-29
7.184228381988948016e-28
7.947429986497825405e-29
1.865290522120428950e-28
5.982963618234328254e-29
3.028671428923706536e-28
5.168759283984505831e-29
1.517842497151169982e-28
5.481561480678349914e-29
5.870553457902486568e-27
5.316033556688674318e-29
1.536955795160599040e-28
5.244166360546485536e-29
3.028739991977541201e-28
5.902271555301567287e-29
1.785082496994240305e-28
7.870771436376334832e-29
7.184228381988948016e-28
9.326904406528742927e-29
1.912306311496760819e-28
5.943181351995974921e-29
3.084345948652187487e-28
5.392035799406839222e-29
1.567045633609152917e-28
5.678875873316379526e-29
1.564076335583579941e-27
5.510147993540497649e-29
1.579834303610525399e-28
5.459794600082986054e-29
3.072163158433036823e-28
5.657009049638734861e-29
1.696500314266644699e-28
8.491742558440321537e-29
7.690595003172926361e-28
9.501454313570083841e-29
1.893300172403977624e-28
6.413794147342992408e-29
3.050189663630967727e-28
6.016477147647577144e-29
1.656064498987179713e-28
6.411332401173974602e-29
2.005888022806355971e-27
7.515930806189304373e-29
1.636266995230911739e-28
7.159199234279317342e-29
3.661340870164606407e-28
8.325046650306813778e-29
3.216522436470523578e-28
1.504658058662998837e-28
9.527557670629810736e-28
1.707427424945061224e-28
6.603223342767160246e-28
3.098378635931007178e-28
4.804533122093799349e-28
1.606745179363962160e-26
1.057950686100133720e-20
7.307498787483402702e-15
2.173118818126528303e-10
3.258883921196095173e-06
6.600134811315466754e-03
6.782117434265661160e+00
7.664491864836730173e+00
4.054445645283373096e+02
3.751222198793529969e+03
2.603450059214530484e+03
4.099533787349850172e+03
3.285079842760030715e+03
3.626215928388718567e+03
1.133521246679291153e+03
4.987232583089287630e+00
2.158139881904390491e-06
1.397548185772834348e-08
9.284355823476337195e-12
