1.999340656171578914e+06
9.104952579456204284e-12
1.355670310859781940e-08
2.100035702607788415e-06
5.000355371562777762e+00
1.128148956864435149e+03
3.619373531247098526e+03
3.256515537081103503e+03
4.060669230340281047e+03
2.619121219611169636e+03
3.725543789465433747e+03
4.008520361316649883e+02
7.565732502965612838e+00
6.717028381476758625e+00
6.534896487902429503e-03
3.224284633652772123e-06
2.156760957304560310e-10
7.272201925685848851e-15
1.052618579311247330e-20
1.589343179201633930e-26
4.778136367111388861e-28
3.178369484557456966e-28
6.493648174621536699e-28
1.697452273994087968e-28
9.582960027528370653e-28
1.502619315475994455e-28
3.211266893034151220e-28
8.469070945837154440e-29
3.652733870368251309e-28
7.108670562258255433e-29
1.696980816748148369e-28
7.855988976879019648e-29
2.049596595548207501e-27
6.305203852464271940e-29
1.679628977304356760e-28
6.272771762266251115e-29
3.009115097920505100e-28
6.674476484384738017e-29
1.801100365910525277e-28
8.550751843887855904e-29
7.817651052451570791e-28
7.928825484912526945e-29
1.715868470911429113e-28
5.623084512392832741e-29
3.099579426853442560e-28
5.247557275770175349e-29
1.586318082749064775e-28
5.788395507046586695e-29
1.554316572197005542e-27
5.370240100166576789e-29
1.627290374910525314e-28
5.329159943303051339e-29
3.081781029124451757e-28
6.042419346454141862e-29
1.819286197822803564e-28
9.250543105257858557e-29
7.193575822067579779e-28
7.903704872614568326e-29
1.873640492075718796e-28
5.982130596033683406e-29
3.001958221679636425e-28
5.175181855518575561e-29
1.528690484028568356e-28
5.455004639647587094e-29
5.991383536067379144e-27
5.285763275578276561e-29
1.544127041243198884e-28
5.286200196755881065e-29
3.001764756139161828e-28
5.913033352893218536e-29
1.789941396297036229e-28
7.817238736773775824e-29
7.193575822067579779e-28
9.137543648361198942e-29
1.907100768381337756e-28
5.930874722234501386e-29
3.082328446293041010e-28
5.270761420956713584e-29
1.573036446290191834e-28
5.628387399997001992e-29
1.554316572197005542e-27
5.520515886674995206e-29
1.559391454686729649e-28
5.333993766776156745e-29
3.099720937379090283e-28
5.622843084616042360e-29
1.709577395809181904e-28
8.341080888686517580e-29
7.817651052451570791e-28
9.373778223187444776e-29
1.883487781651655226e-28
6.442118697060584107e-29
3.009044554390832215e-28
5.953641314883829208e-29
1.645339705024580483e-28
6.441224625725289055e-29
2.049596595548207501e-27
7.567615292566758208e-29
1.661108523301012579e-28
7.082284641401129957e-29
3.652894677694173597e-28
8.389572838222955176e-29
3.179288173167746093e-28
1.456138210796935198e-28
9.582960027528370653e-28
1.695188894666434570e-28
6.473888273341525897e-28
3.115123010454180234e-28
4.777667502987458646e-28
1.591713044703776119e-26
1.052629876000364634e-20
7.272201956754816903e-15
2.156760957304560310e-10
3.224284633652317690e-06
6.534896487902432105e-03
6.717028381476762178e+00
7.565732502965612838e+00
4.008520361316649883e+02
3.725543789465433747e+03
2.619121219611170091e+03
4.060669230340281047e+03
3.256515537081103503e+03
3.619373531247098526e+03
1.128148956864435149e+03
5.000355371562777762e+00
2.100035702607369557e-06
1.355670310855409628e-08
9.104952579594950907e-12
