1.990954223580921767e+06
8.534604003506761415e-12
1.230409592593676062e-08
1.911726454082971835e-06
4.883606061162651280e+00
1.098583709305868069e+03
3.556616623935442021e+03
3.168100818309807437e+03
3.941628020679887413e+03
2.614828942546998405e+03
3.551026705055053753e+03
3.907686013125768341e+02
7.133292827387458956e+00
6.325171625915446683e+00
6.075188460257723889e-03
2.986782481821310054e-06
2.039666918105002608e-10
6.965781483513866409e-15
1.011053945014345647e-20
1.508490880814561802e-26
4.640837222537992086e-28
3.033872607107308333e-28
6.073042021588565902e-28
1.640608836753130234e-28
9.637421776626732838e-28
1.442686717576750775e-28
3.230271411021528377e-28
8.355835690341994562e-29
3.645235234508463165e-28
7.053588211098284477e-29
1.657032291758601856e-28
7.547867044159057347e-29
2.053198508382846075e-27
6.263110851334461018e-29
1.667334890666144793e-28
6.232811216651757833e-29
3.036636749795999811e-28
6.498120499978802856e-29
1.782983666966126089e-28
8.015303033023458148e-29
7.657695789079155121e-28
8.072446363392283226e-29
1.694769755208222838e-28
5.551673387416202818e-29
3.071788000201647262e-28
5.241051426364791598e-29
1.597730405502810869e-28
5.708348850081282965e-29
1.531517946233563577e-27
5.327484608223013893e-29
1.601057287130090457e-28
5.289158874993985297e-29
3.055686851751156080e-28
5.876154811030509236e-29
1.828440102815109182e-28
8.817389155832556778e-29
7.131130558683947396e-28
7.759436991906337155e-29
1.861284635731020261e-28
5.923859428452958467e-29
3.021854669027518566e-28
5.089399837806131759e-29
1.508867349589611686e-28
5.398604134216348249e-29
6.020144069599075657e-27
5.248229369632055021e-29
1.526068370808479061e-28
5.169237293488282520e-29
3.021682540564093365e-28
5.882620155667133757e-29
1.777588471684646770e-28
7.698615304593971244e-29
7.131130558683947396e-28
8.511231684811917490e-29
1.903426088863174413e-28
5.839990953867791493e-29
3.055254302690743266e-28
5.225706122348171874e-29
1.551689609981558455e-28
5.566640240881919827e-29
1.531517946233563577e-27
5.475235360094973828e-29
1.571490717719233754e-28
5.311256106497260092e-29
3.072520356115356643e-28
5.588832642841541741e-29
1.688597037932958420e-28
8.331466191609438398e-29
7.657695789079155121e-28
8.970939699091898113e-29
1.862860882497226132e-28
6.281946870718302156e-29
3.036781040998691640e-28
5.857697153457357992e-29
1.637466228338146744e-28
6.372086872998401954e-29
2.053198508382846075e-27
7.218057473314901675e-29
1.625669337413526249e-28
7.069884554404373660e-29
3.645075374873532899e-28
8.296057593994665481e-29
3.197380065419266630e-28
1.384750853822302578e-28
9.637421776626732838e-28
1.650802035547450688e-28
6.063653225460586480e-28
2.959234582781743133e-28
4.640302709048786110e-28
1.510066378882616308e-26
1.011063165487328058e-20
6.965781528753489211e-15
2.039666918105002608e-10
2.986782481820680708e-06
6.075188460257731696e-03
6.325171625915450235e+00
7.133292827387458956e+00
3.907686013125768341e+02
3.551026705055053753e+03
2.614828942546998405e+03
3.941628020679887413e+03
3.168100818309807892e+03
3.556616623935442931e+03
1.098583709305868069e+03
4.883606061162649503e+00
1.911726454082551283e-06
1.230409592590365851e-08
8.534604003500396002e-12
