1.983454254162115511e+06
7.919007549985190719e-12
1.110440103243186930e-08
1.738047142331497393e-06
4.805457550556487156e+00
1.106606573831696096e+03
3.532098911673601378e+03
3.078556893703392689e+03
3.903200910393084087e+03
2.570492332973337852e+03
3.362432975338801043e+03
3.827563094692443428e+02
6.852448372467346616e+00
6.034929685961832213e+00
5.687232116388876366e-03
2.796458205707059630e-06
1.936972093337711498e-10
6.592837480342590180e-15
9.516180475560913006e-21
1.402407188578486744e-26
4.431283741702282029e-28
2.886181552969012820e-28
5.184275552281936952e-28
1.561236770948687633e-28
9.494228433275169636e-28
1.376737824333603735e-28
3.219562908165094467e-28
8.150672838011628869e-29
3.613622413574726335e-28
6.858868461602431680e-29
1.650529047602662138e-28
7.232722413832095617e-29
2.044553821682015723e-27
6.053498734545477025e-29
1.673474459809836967e-28
6.154752293170051806e-29
3.031723883197034820e-28
6.478423282157573158e-29
1.740188479653741019e-28
7.729925691352358886e-29
7.460569057057866727e-28
7.819835757240496192e-29
1.667830660031034155e-28
5.512627912214294654e-29
3.072150077240004797e-28
5.133156559234375561e-29
1.574348911005884317e-28
5.642270951303257228e-29
1.536919208607634220e-27
5.292626900462750612e-29
1.585829889313965021e-28
5.278570525662326718e-29
3.043392223522723362e-28
5.774966537584301317e-29
1.806320168845734359e-28
8.587552973674803549e-29
7.119973141501376544e-28
7.569510943972189064e-29
1.841142332181298226e-28
5.814144995131922547e-29
3.003051055849685405e-28
5.081171163883893679e-29
1.495476614579397496e-28
5.347666944699612014e-29
5.911290882544972983e-27
5.183324048432390789e-29
1.514169247658332523e-28
5.131715402866542947e-29
3.002900537629123378e-28
5.800241185742563893e-29
1.763493486883048488e-28
7.604016659828100323e-29
7.119973141501376544e-28
8.260028934121960210e-29
1.878132005993727452e-28
5.690338653674952169e-29
3.043689888182408249e-28
5.222522343164204148e-29
1.535820557071723289e-28
5.544256223871636666e-29
1.536919208607634220e-27
5.415371403111490930e-29
1.548324846479163517e-28
5.220674123173099738e-29
3.072698059431383998e-28
5.570920131572708885e-29
1.673486758668712233e-28
8.118160782982184272e-29
7.460569057057866727e-28
8.625963613401293035e-29
1.818504673649006074e-28
6.267563410805809648e-29
3.032170851209157875e-28
5.798475501676291325e-29
1.635339418503887256e-28
6.210823902683992637e-29
2.044553821682015723e-27
6.894518566896648863e-29
1.618868903102796247e-28
6.857630579044715899e-29
3.613280835105706748e-28
8.051471535878317687e-29
3.191409376719258381e-28
1.319815757659902627e-28
9.494228433275169636e-28
1.575524913405750443e-28
5.175652708236012863e-28
2.814285324831987486e-28
4.431036894661894217e-28
1.403024400627194126e-26
9.516264483339914125e-21
6.592837533452952758e-15
1.936972093337711498e-10
2.796458205706336687e-06
5.687232116388891978e-03
6.034929685961832213e+00
6.852448372467346616e+00
3.827563094692443428e+02
3.362432975338800134e+03
2.570492332973338307e+03
3.903200910393084087e+03
3.078556893703392689e+03
3.532098911673602743e+03
1.106606573831696323e+03
4.805457550556487156e+00
1.738047142331134863e-06
1.110440103240625814e-08
7.919007549865853760e-12
