1.959806671398933977e+06
6.289025850510740346e-12
7.667373463575612968e-09
1.433041736093645710e-06
3.961162316010497175e+00
1.268964147193761164e+03
3.133154469070788309e+03
2.911851002859740220e+03
3.956664756556617704e+03
2.890801128088809946e+03
3.713462575253313389e+03
5.040321355308335569e+02
7.203774344321188572e+00
6.155059467512046467e+00
5.456420410377284258e-03
2.407451206123640190e-06
1.525910561141487293e-10
4.623776278460968904e-15
5.523430999062125031e-21
6.846558071532621519e-27
3.797130920401663811e-28
2.503545400599789449e-28
3.883674778319165399e-28
1.330635583073433131e-28
8.943980047710681763e-28
1.290344464320466174e-28
2.890946394780295491e-28
7.438237980028770507e-29
3.385682101479015281e-28
6.457479338244537483e-29
1.612988863805268198e-28
6.922110733781809422e-29
2.014509961243162149e-27
5.906183137367781047e-29
1.618249212597299347e-28
6.106885153988535357e-29
3.007009921850098569e-28
6.393711510850012839e-29
1.687837899508367548e-28
7.339902852052742542e-29
7.344114067180500823e-28
7.200625498484482594e-29
1.673708388120336821e-28
5.533718958008344653e-29
3.029143908634415228e-28
5.176471657951609064e-29
1.549941059831194678e-28
5.564590056969003433e-29
1.531023016214307215e-27
5.252011112851955664e-29
1.586314289907647055e-28
5.244204960725141526e-29
3.020302833374429258e-28
5.789676819219667473e-29
1.737086392224990739e-28
8.567994099368276368e-29
7.003050323483043969e-28
7.322756220652600144e-29
1.803176463461588305e-28
5.946015362418404178e-29
2.976220483430018271e-28
5.020102911317801413e-29
1.480274807787234910e-28
5.320461485745019542e-29
5.868125770139911926e-27
5.187112784129185669e-29
1.502513914312885346e-28
5.085998892434493583e-29
2.976553055176134122e-28
5.847034975548169031e-29
1.730523372453662714e-28
7.376620536430818936e-29
7.003050323483043969e-28
8.416926790088746113e-29
1.829764963087802971e-28
5.741284777461346269e-29
3.020864798440680755e-28
5.190202537241913041e-29
1.531065358594944711e-28
5.495697471594784451e-29
1.531023016214307215e-27
5.332246274040668797e-29
1.533145431033353693e-28
5.282447496077882460e-29
3.028964839308441174e-28
5.547959685963269675e-29
1.680419692222972881e-28
7.593896297735979715e-29
7.344114067180500823e-28
8.197075044144261035e-29
1.764749673779607703e-28
6.076904769719935782e-29
3.006921962824400215e-28
5.763600645972504381e-29
1.584868552379552957e-28
6.035337785004680502e-29
2.014509961243162149e-27
6.621860403829502228e-29
1.577100205000203964e-28
6.488908012947708638e-29
3.385637184887309368e-28
7.367589461056300955e-29
2.866133273599479532e-28
1.231449844410837397e-28
8.943980047710681763e-28
1.340879830422062210e-28
3.895526595914192438e-28
2.471859248018774851e-28
3.797363442417945207e-28
6.794662000634374456e-27
5.523476497262459947e-21
4.623776340300830760e-15
1.525910561141487293e-10
2.407451206123434785e-06
5.456420410377299871e-03
6.155059467512046467e+00
7.203774344321188572e+00
5.040321355308336706e+02
3.713462575253312480e+03
2.890801128088810856e+03
3.956664756556617704e+03
2.911851002859740220e+03
3.133154469070788309e+03
1.268964147193760937e+03
3.961162316010497175e+00
1.433041736093389694e-06
7.667373463580597558e-09
6.289025850399019265e-12
