1.957494490733266575e+06
6.220479229929003797e-12
7.281619204917585930e-09
1.386149210888127334e-06
3.754852349707385351e+00
1.271282631401004664e+03
3.161182456194322640e+03
2.955604271242099458e+03
3.846276037342970540e+03
2.936430866271713057e+03
3.840885195762588864e+03
5.290917370261134920e+02
7.311477848244502198e+00
6.292314521348258971e+00
5.611047813542732396e-03
2.453374191002708561e-06
1.547237830274485437e-10
4.666991997760200018e-15
5.471191679983893062e-21
6.680298475737645036e-27
3.770442104544257578e-28
2.465364201333955383e-28
3.774734694736635877e-28
1.301569958496560096e-28
8.864849703941959976e-28
1.261296632052402898e-28
2.847547179446791757e-28
7.466057808245938237e-29
3.400373749264455544e-28
6.466521078547099692e-29
1.625189304856222722e-28
6.938284362880152968e-29
2.039985175839790457e-27
5.877508947905910141e-29
1.630300714407896160e-28
5.973157324827725674e-29
3.017883392344092520e-28
6.273577828216387365e-29
1.690381131824399837e-28
7.391035706704737913e-29
7.304488851460123713e-28
7.297816388943704111e-29
1.638129213617726512e-28
5.512650835850194440e-29
3.017020823114973780e-28
5.165497123672273603e-29
1.535081091763874448e-28
5.599444187963720769e-29
1.526658729726090992e-27
5.246473332049097691e-29
1.587296956758781425e-28
5.223121589546883572e-29
3.034949195497611179e-28
5.789975812065759196e-29
1.749870883562784924e-28
8.614515177809504063e-29
6.972668628985174806e-28
7.343134360169880408e-29
1.794629169507039010e-28
5.897945120129630425e-29
2.984978724076479232e-28
5.047502960249280551e-29
1.510711825662965514e-28
5.385142976054834009e-29
5.862006000254837402e-27
5.245232658996519699e-29
1.529408334127344418e-28
5.098147727482348899e-29
2.984756017852431291e-28
5.811324992560509882e-29
1.722260024312700054e-28
7.305466126445295105e-29
6.972668628985174806e-28
8.407594720053872913e-29
1.827248741827290687e-28
5.699996092714538183e-29
3.034526266068971214e-28
5.222784189630376712e-29
1.532687920597901866e-28
5.508505451376517025e-29
1.526658729726090992e-27
5.341358831122320256e-29
1.515301548546945823e-28
5.244809132573732387e-29
3.016823665612844672e-28
5.466948442516523283e-29
1.651002129168555512e-28
7.554191584120269860e-29
7.304488851460123713e-28
8.085030855412566314e-29
1.763842365175169759e-28
5.998043238164320891e-29
3.018213264320550720e-28
5.624939686496319693e-29
1.593384580778135720e-28
6.021645828948872616e-29
2.039985175839790457e-27
6.604656705939384022e-29
1.591675312673004572e-28
6.507920136061562519e-29
3.401110135881319003e-28
7.362876803596552719e-29
2.815579439985170867e-28
1.211045968664184949e-28
8.864849703941959976e-28
1.312795528726089896e-28
3.787369319891194615e-28
2.424886253605974645e-28
3.770525683249967054e-28
6.628130188982975022e-27
5.471233233052748931e-21
4.666992057498564822e-15
1.547237830274485437e-10
2.453374191002728466e-06
5.611047813542748008e-03
6.292314521348260747e+00
7.311477848244502198e+00
5.290917370261134920e+02
3.840885195762588864e+03
2.936430866271713057e+03
3.846276037342970540e+03
2.955604271242099458e+03
3.161182456194322640e+03
1.271282631401004664e+03
3.754852349707385351e+00
1.386149210887917270e-06
7.281619204924075162e-09
6.220479229882008790e-12
