2.399331283050549217e+06
1.027216751623162809e-10
2.862662539187224759e-07
1.150350839202604288e-05
7.403743368925455925e+00
7.493769127839817656e+02
4.099301495980770596e+03
7.525220912335846151e+03
2.469025828526575424e+03
2.111629872197390341e+03
9.506491169249129598e+02
2.099592150418337724e+02
9.029181937996902940e-01
1.007415728524294618e+00
1.296664424039639663e-03
1.532784341140767362e-06
3.928378772947721635e-10
5.582004701556108290e-14
3.540943217968650520e-19
2.905630953685296005e-24
3.812029723502506466e-28
1.748470599724262005e-28
3.042716787245817132e-28
1.846659664115668161e-28
8.160003012783081329e-28
1.693398717235284177e-28
2.352327997549028825e-28
8.102097249890264169e-29
3.179524549363384493e-28
6.691978691718782278e-29
1.590518451158306181e-28
7.713111138993410947e-29
1.956276461030754226e-27
6.171129432710923031e-29
1.583770387905662029e-28
6.766132107020300288e-29
2.998186147096117458e-28
6.187720858774493726e-29
1.663168263630617194e-28
8.557797282317625390e-29
7.023954462896875578e-28
7.838748025174467037e-29
1.547482067140246028e-28
5.384870368708383068e-29
3.026905146943546728e-28
5.254474165249489185e-29
1.536154650889851434e-28
6.099934973799419415e-29
1.512855889093828462e-27
5.662739658699582318e-29
1.515994143297732567e-28
5.216630735243592733e-29
3.003236337454395290e-28
5.741948238888555655e-29
1.651233952135633788e-28
8.886492455012950929e-29
6.815833144477023463e-28
9.466347169509209112e-29
1.809418689991246254e-28
5.756128074128250270e-29
2.991959540244594432e-28
5.122580646749153318e-29
1.475679473904328958e-28
5.757599645523588094e-29
5.723569237725792239e-27
5.486623810648758861e-29
1.484732773076352039e-28
5.302244688690610242e-29
2.991459445331510773e-28
5.745812448500322485e-29
1.707881321259438958e-28
8.944780950169774108e-29
6.815833144477023463e-28
8.665352041518922774e-29
1.682554244691919814e-28
5.445304996637602503e-29
3.003499555081473813e-28
5.264986140914464768e-29
1.487293657674998676e-28
6.001033670054128057e-29
1.512855889093828462e-27
5.678660244923822857e-29
1.503424695364420937e-28
5.337611655390230549e-29
3.026406620983903796e-28
5.387967050379715746e-29
1.545935382142490318e-28
8.600313803718852950e-29
7.023954462896875578e-28
1.023079022950977156e-28
1.756518184463010553e-28
6.168072501302770277e-29
2.998448309784696368e-28
5.811243471867929179e-29
1.540326036205275527e-28
6.504495340005689807e-29
1.956276461030754226e-27
7.151315894420444214e-29
1.574574577383544270e-28
6.869633144613067906e-29
3.180200534087839050e-28
8.057713653336050536e-29
2.313508221150070601e-28
1.550838439653505216e-28
8.160003012783081329e-28
1.829970497896887827e-28
3.035543447492278747e-28
1.643847624126803693e-28
3.811573647435930442e-28
2.904864614979221609e-24
3.540947708223745753e-19
5.582004695834303245e-14
3.928378772947721635e-10
1.532784341141790790e-06
1.296664424039640096e-03
1.007415728524294840e+00
9.029181937996902940e-01
2.099592150418338576e+02
9.506491169249129598e+02
2.111629872197389886e+03
2.469025828526575424e+03
7.525220912335847061e+03
4.099301495980770596e+03
7.493769127839817656e+02
7.403743368925455925e+00
1.150350839202755399e-05
2.862662539188199906e-07
1.027216751618713740e-10
