2.397641174070736859e+06
1.023159046486887003e-10
2.708767889194790361e-07
1.122146489046286492e-05
7.114054319252409719e+00
7.019800259304892052e+02
4.202360301079804231e+03
7.337063946979426873e+03
2.464062688237019756e+03
2.028942794081179500e+03
9.741816774371169458e+02
1.979816687026991531e+02
8.514861909802081685e-01
9.410731540751082758e-01
1.190430078180744347e-03
1.335051482915339705e-06
3.271189931412406088e-10
4.474390161217926621e-14
2.741841637057841607e-19
2.183562239159725284e-24
3.717206204204769210e-28
1.762355285643171425e-28
3.093001553696621084e-28
1.791845278420443815e-28
8.268675578433260631e-28
1.644662918715164264e-28
2.367390470846229783e-28
7.927501457377464103e-29
3.159235204731875825e-28
6.653521240049515482e-29
1.595571428592398371e-28
7.590365767001830181e-29
1.969083878492814414e-27
6.090637684590664130e-29
1.595171390481268219e-28
6.677224511484399148e-29
2.990261186198615936e-28
6.105946946844776835e-29
1.675245946643759359e-28
8.522178184400738833e-29
6.978300998778080923e-28
7.658388416167601149e-29
1.552936962550513318e-28
5.319709101507294359e-29
3.034398574814218542e-28
5.158578992584829479e-29
1.552678442363000487e-28
6.105724646622069405e-29
1.508908208865161098e-27
5.549197063925645711e-29
1.512776289055620369e-28
5.232598273137124082e-29
3.003244802463442272e-28
5.716961434600836605e-29
1.640020000746812597e-28
8.982762515228467045e-29
6.870553203088247109e-28
9.411234255745593866e-29
1.824133414677611510e-28
5.573689910124037064e-29
2.987075060096716363e-28
5.072436696658431446e-29
1.477989452676362963e-28
5.745359386040309233e-29
5.634278486848435469e-27
5.457385723087987046e-29
1.489829801502003908e-28
5.277923098332625811e-29
2.987018012148524308e-28
5.554072801645121753e-29
1.717687926591923076e-28
8.870931662145969082e-29
6.870553203088247109e-28
8.889040388576490271e-29
1.663965528135981637e-28
5.401585989142940858e-29
3.002927787234626249e-28
5.239375002975393458e-29
1.484272447250922386e-28
5.949372227932234967e-29
1.508908208865161098e-27
5.632111973497546844e-29
1.517216472274534475e-28
5.240497569070463881e-29
3.034089692859175449e-28
5.352245388980470730e-29
1.545274155032303812e-28
8.583990175538570860e-29
6.978300998778080923e-28
1.001690275436726684e-28
1.771946411097682155e-28
6.039697165371707679e-29
2.990462339928765975e-28
5.754752868886026091e-29
1.552083311850721038e-28
6.378357529223232457e-29
1.969083878492814414e-27
7.058170696316644283e-29
1.579768193851198516e-28
6.811700004099257829e-29
3.159985965291125350e-28
7.844925645812209325e-29
2.330789877200916977e-28
1.520175594208804773e-28
8.268675578433260631e-28
1.772390728614791757e-28
3.090008568941091129e-28
1.655454625342955208e-28
3.716994949301524523e-28
2.182878251437341840e-24
2.741845510320597557e-19
4.474390155067996665e-14
3.271189931412406088e-10
1.335051482916270594e-06
1.190430078180742396e-03
9.410731540751084978e-01
8.514861909802081685e-01
1.979816687026991815e+02
9.741816774371169458e+02
2.028942794081179500e+03
2.464062688237019756e+03
7.337063946979428692e+03
4.202360301079803321e+03
7.019800259304892052e+02
7.114054319252409719e+00
1.122146489046437433e-05
2.708767889196049793e-07
1.023159046484265875e-10
