2.396923699944024906e+06
1.007788062801502105e-10
2.600909651097284612e-07
1.104977932304153354e-05
6.891631988575404932e+00
6.654460230685580200e+02
4.187620733404958628e+03
7.090907167106443922e+03
2.424612086510532208e+03
1.986856318642834367e+03
1.003249038414546476e+03
1.935037781464839384e+02
8.288558534590495519e-01
9.109851176517353988e-01
1.145977754036773188e-03
1.237179378054251122e-06
2.933622258109039152e-10
3.899734018318295309e-14
2.327233334170845248e-19
1.813097663340992445e-24
3.731396446388426858e-28
1.790797814336446114e-28
3.148072700625844341e-28
1.763873813979171439e-28
8.256332743608843361e-28
1.579455976210588293e-28
2.367362466912601092e-28
7.798056289015097955e-29
3.172359212288341881e-28
6.476219855680222183e-29
1.617071635302222889e-28
7.563222040156312733e-29
1.988383151785336581e-27
6.054616295653171181e-29
1.600750115168233938e-28
6.565894048429577715e-29
2.984541330232698500e-28
6.013798982200120024e-29
1.688161822538008098e-28
8.350561362753821636e-29
6.964218630734105769e-28
7.498982312225092419e-29
1.566508614660141559e-28
5.291047242382773262e-29
3.011044389512955780e-28
5.151236274972598556e-29
1.548640192910968781e-28
5.948385485657166290e-29
1.531508732862519387e-27
5.493737384554875573e-29
1.522291290152880164e-28
5.155757482022327251e-29
3.007247548605509378e-28
5.630336836174550196e-29
1.646620360005744824e-28
8.800795940926013804e-29
6.836742625168672453e-28
9.245021261868715279e-29
1.818952870886529714e-28
5.560807084493604557e-29
2.996777107981963532e-28
5.065438940729964430e-29
1.496148022619104911e-28
5.618074360445890770e-29
5.789016595722584150e-27
5.339297280919404651e-29
1.502183873585980401e-28
5.212014561351698175e-29
2.996638071485949745e-28
5.533589685309565513e-29
1.719200128817414715e-28
8.657128741903109571e-29
6.836742625168672453e-28
8.687234249604264165e-29
1.666740837965877948e-28
5.369114284142330019e-29
3.007796741444197879e-28
5.181401789099343949e-29
1.490181631262555451e-28
5.772197296139019073e-29
1.531508732862519387e-27
5.545807584011300498e-29
1.512428894787635976e-28
5.243419447212885478e-29
3.010932569975708912e-28
5.310020502701392743e-29
1.561746988770225036e-28
8.272265483054743411e-29
6.964218630734105769e-28
9.958010658686094957e-29
1.790902155776552489e-28
5.918228890409486566e-29
2.984347869178111667e-28
5.635515269814045081e-29
1.553181279327595458e-28
6.377178799914584422e-29
1.988383151785336581e-27
6.922514686330316347e-29
1.598156094506356163e-28
6.625887072714899686e-29
3.173202251448884316e-28
7.731019776181786811e-29
2.328507432202474783e-28
1.464323659471030739e-28
8.256332743608843361e-28
1.747110429119392774e-28
3.143406711877854605e-28
1.678940813720818701e-28
3.731057260383013084e-28
1.812483905602924284e-24
2.327236721188525794e-19
3.899734012615373069e-14
2.933622258109039152e-10
1.237179378055081426e-06
1.145977754036771237e-03
9.109851176517351767e-01
8.288558534590495519e-01
1.935037781464839384e+02
1.003249038414546476e+03
1.986856318642834367e+03
2.424612086510532208e+03
7.090907167106443922e+03
4.187620733404957718e+03
6.654460230685580200e+02
6.891631988575404932e+00
1.104977932304300230e-05
2.600909651098749449e-07
1.007788062795319964e-10
