2.396542906179314014e+06
9.808329289615408498e-11
2.504821460928500107e-07
1.102773572555480424e-05
6.654825516783653860e+00
6.282918778532732631e+02
4.124269581486147217e+03
6.821564495028778765e+03
2.377940239263178228e+03
1.946920253059602828e+03
1.054927893551193165e+03
1.932095029073397825e+02
8.190048837646761726e-01
8.922881345015213350e-01
1.120488585534867116e-03
1.163409682280053575e-06
2.661838582628294498e-10
3.427971365225472813e-14
1.986647607971979223e-19
1.510293178246245931e-24
3.683538486399642655e-28
1.800172446107848303e-28
3.179258636128623588e-28
1.748265308094748134e-28
8.248671987483681385e-28
1.586697085212591281e-28
2.418834005287020127e-28
7.642268372774623571e-29
3.184344813076746537e-28
6.438782853862807173e-29
1.564945829798616334e-28
7.586645235057727620e-29
1.986536390475026933e-27
5.956819163385992466e-29
1.587604483308094085e-28
6.351490042625651025e-29
2.975474964667691645e-28
5.992865917036940698e-29
1.689043788981118974e-28
8.310730280124653402e-29
6.988651418987248133e-28
7.519531145512239432e-29
1.545288271411628470e-28
5.243422554500742144e-29
2.977197246766108280e-28
5.079058241510088669e-29
1.541049787700172589e-28
6.052658003692803082e-29
1.511087136699337225e-27
5.444873855980546858e-29
1.512093216764122518e-28
5.123065161164668766e-29
2.997042664034761275e-28
5.565872724246593319e-29
1.672467192498202015e-28
8.457972146144076994e-29
6.722977553853115529e-28
8.961652292939228528e-29
1.817873143244790570e-28
5.525445282132462615e-29
2.946112770486104201e-28
5.019183629399598932e-29
1.477012713772385207e-28
5.515806830784121013e-29
5.872478293282870373e-27
5.263063328613862799e-29
1.487349097223882068e-28
5.148338076241350169e-29
2.946497236962298679e-28
5.541623652413113466e-29
1.717847830516190367e-28
8.443674085046911988e-29
6.722977553853115529e-28
8.438484331399217709e-29
1.700567942784083295e-28
5.262218386723604058e-29
2.996876947772461955e-28
5.191943742697194576e-29
1.483896624445880551e-28
5.805135608187178737e-29
1.511087136699337225e-27
5.566116955621519923e-29
1.508861879691899342e-28
5.145261362300686839e-29
2.977061945419421497e-28
5.284203777780465684e-29
1.542573137917108764e-28
8.231916883735339847e-29
6.988651418987248133e-28
9.919143958292740621e-29
1.784524217609605422e-28
5.945792148005307885e-29
2.975408803090066553e-28
5.579110516372085893e-29
1.538849347376341918e-28
6.258134231613416336e-29
1.986536390475026933e-27
6.937192163201280584e-29
1.549709321276369142e-28
6.605556014414171960e-29
3.184999430725702137e-28
7.559375410755040432e-29
2.375663861106158708e-28
1.477793885098766168e-28
8.248671987483681385e-28
1.736325347750915798e-28
3.178234730858576626e-28
1.693519749736253600e-28
3.683369484702609305e-28
1.509725364958006573e-24
1.986650791141112086e-19
3.427971360484125317e-14
2.661838582628294498e-10
1.163409682280826704e-06
1.120488585534865815e-03
8.922881345015211130e-01
8.190048837646761726e-01
1.932095029073397825e+02
1.054927893551193392e+03
1.946920253059602828e+03
2.377940239263178228e+03
6.821564495028778765e+03
4.124269581486147217e+03
6.282918778532732631e+02
6.654825516783653860e+00
1.102773572555629841e-05
2.504821460929971827e-07
9.808329289549234049e-11
