2.397535777255211025e+06
8.778600679134229800e-11
2.291958129098077660e-07
1.115216825795254453e-05
6.245473571982913086e+00
5.406802767234977409e+02
3.747125219877308609e+03
6.338220749842494115e+03
2.323106323271440942e+03
1.827441731800767911e+03
1.241003025227431181e+03
2.099324839101380178e+02
8.530306036851089679e-01
8.935422643369650419e-01
1.129843356272825427e-03
1.045041570671724838e-06
2.122429228670066986e-10
2.461361081605067069e-14
1.292788537680695475e-19
9.017025259853008331e-25
3.605490075328373497e-28
1.784198809234473045e-28
3.345054494502222987e-28
1.620853229698507529e-28
7.981458261691251917e-28
1.525198018001956754e-28
2.416271688678217520e-28
6.984847040736417750e-29
3.116005548089138135e-28
6.236682146971787580e-29
1.585760450930894440e-28
7.263990721707910230e-29
1.943454220696812708e-27
5.595525625748052844e-29
1.566218320112960169e-28
6.272376713516365372e-29
2.969505699853329698e-28
5.836042992802691029e-29
1.701615255538548733e-28
8.214829642652359912e-29
6.961716534036780312e-28
7.139370355241118830e-29
1.551879712522598175e-28
5.111140861118780780e-29
3.003212373273833502e-28
4.983592462352156642e-29
1.511461313667426292e-28
5.780756961941674734e-29
1.515744465056342953e-27
5.326741972641207586e-29
1.536093053490021248e-28
4.959194423052123524e-29
2.971495798284135239e-28
5.466354696574513353e-29
1.664799283095265917e-28
8.327108242209332545e-29
6.716230071883960768e-28
8.663910373922236662e-29
1.770211818278131274e-28
5.249478431660039868e-29
2.975706164176572170e-28
4.862442198387506017e-29
1.470600243199848809e-28
5.390123726090722657e-29
5.587797087837221320e-27
5.151694138438483892e-29
1.482742614928567844e-28
4.986293804898405132e-29
2.975508334307477899e-28
5.263327527640463632e-29
1.674315008422928608e-28
8.153699133724749109e-29
6.716230071883960768e-28
8.287467426471817536e-29
1.691436076854420185e-28
5.211344285594058475e-29
2.971709040346171503e-28
4.978579195453855128e-29
1.500203030542360917e-28
5.685978434907543813e-29
1.515744465056342953e-27
5.376873054522692714e-29
1.486486638988921728e-28
5.042243724295841860e-29
3.002914118096775193e-28
5.128248540922370376e-29
1.555062237554036646e-28
7.815952846175001598e-29
6.961716534036780312e-28
9.906282009903857901e-29
1.783677922323449983e-28
5.746350307734731177e-29
2.969593497832539334e-28
5.495000969794105906e-29
1.521409576110474282e-28
5.815948966829311194e-29
1.943454220696812708e-27
6.765133698725927818e-29
1.573473021258055307e-28
6.356533295587843985e-29
3.116684955452179901e-28
6.899237718210555818e-29
2.381045041653398313e-28
1.425985486053324804e-28
7.981458261691251917e-28
1.592180659156072435e-28
3.346099771847688819e-28
1.687619596078129451e-28
3.605507686059839810e-28
9.013806871246530227e-25
1.292790798047294499e-19
2.461361078257978842e-14
2.122429228670066986e-10
1.045041570672407547e-06
1.129843356272820440e-03
8.935422643369650419e-01
8.530306036851089679e-01
2.099324839101380178e+02
1.241003025227431181e+03
1.827441731800767911e+03
2.323106323271440942e+03
6.338220749842494115e+03
3.747125219877308609e+03
5.406802767234977409e+02
6.245473571982913086e+00
1.115216825795446560e-05
2.291958129099319093e-07
8.778600679000094709e-11
