2.397903228215540294e+06
8.692225757975065078e-11
2.265075819636665729e-07
1.107467391205452547e-05
6.179130731061395210e+00
5.305062221508784432e+02
3.691084287537426007e+03
6.297581193376638112e+03
2.335113228919798530e+03
1.834214113598474114e+03
1.268933664427047688e+03
2.132303139066442839e+02
8.655312847746795546e-01
8.969366157940561468e-01
1.135751500972787941e-03
1.035022991586539515e-06
2.062113209289660826e-10
2.349214809413828787e-14
1.212764369908550712e-19
8.322298492129699322e-25
3.590590587828244893e-28
1.781467847582154009e-28
3.315835906715182439e-28
1.614278970674008874e-28
7.895297732620848373e-28
1.507102648358126246e-28
2.401220380105320322e-28
6.987012482144659652e-29
3.121553838257523743e-28
6.327776153443420036e-29
1.575634977066163761e-28
7.276561401257985134e-29
1.958700015670625234e-27
5.661027663501314658e-29
1.549679170159125566e-28
6.419272624555868234e-29
2.986258780705864912e-28
5.848097148673224992e-29
1.709075668266230683e-28
8.332404614108889398e-29
6.973684962345170031e-28
7.106975043706834275e-29
1.551875012550185508e-28
5.160561621543445545e-29
2.973703106914508423e-28
5.023717205574321853e-29
1.520357309062388097e-28
5.767691881666771072e-29
1.512467317603319932e-27
5.302046751576237901e-29
1.497179471985077246e-28
5.035622941629208553e-29
2.981508080268552594e-28
5.514002148169396023e-29
1.675975670297735157e-28
8.440863605920595409e-29
6.719091900256340230e-28
8.625790244740138171e-29
1.771717208883267285e-28
5.303752107453306565e-29
2.977508162525194521e-28
4.893982696106353877e-29
1.459455747017347452e-28
5.373112648339127133e-29
5.684483812535509036e-27
5.159001735996458664e-29
1.472570292427991183e-28
5.051593099258960817e-29
2.977373149061866919e-28
5.333997312197649216e-29
1.692022324721648918e-28
8.282933466199228210e-29
6.719091900256340230e-28
8.372651572635151469e-29
1.706737366343796009e-28
5.243572016112040434e-29
2.981518796091825430e-28
5.060854417562109196e-29
1.462278266040525984e-28
5.584896823078480272e-29
1.512467317603319932e-27
5.338603267315555675e-29
1.497388564506590484e-28
5.089616540953799148e-29
2.973192645831609720e-28
5.192398409117433442e-29
1.551484768633374225e-28
7.767553236859448669e-29
6.973684962345170031e-28
1.014042567868096654e-28
1.803882233889911347e-28
5.705995057944439547e-29
2.986056836509015081e-28
5.612170526707443548e-29
1.509956325457812723e-28
5.948229824383961225e-29
1.958700015670625234e-27
6.787667712986951748e-29
1.566920136950101837e-28
6.472599514360016227e-29
3.121920707221581010e-28
6.871455408700703758e-29
2.361631987340513060e-28
1.414007212303088619e-28
7.895297732620848373e-28
1.587067439899998506e-28
3.317787983014809787e-28
1.686339081158696554e-28
3.590536390520671528e-28
8.319311437452289572e-25
1.212766314231694699e-19
2.349214805575080792e-14
2.062113209289660826e-10
1.035022991587241070e-06
1.135751500972782954e-03
8.969366157940563689e-01
8.655312847746795546e-01
2.132303139066442839e+02
1.268933664427047688e+03
1.834214113598474114e+03
2.335113228919798530e+03
6.297581193376638112e+03
3.691084287537426007e+03
5.305062221508783296e+02
6.179130731061395210e+00
1.107467391205635337e-05
2.265075819637916426e-07
8.692225757832366083e-11
