2.398157509343856946e+06
8.571870276165421049e-11
2.233809353212059938e-07
1.095402707329082614e-05
6.109425775413447113e+00
5.242494164311077611e+02
3.662645740847990510e+03
6.264106028949119718e+03
2.359469158777685607e+03
1.855588326701258211e+03
1.299934823556534411e+03
2.163694840155156101e+02
8.777493009678751790e-01
8.973091702564061078e-01
1.137603918537445158e-03
1.022432765025141952e-06
1.999201354497220207e-10
2.238596059545490659e-14
1.136614097809290959e-19
7.674680460811253899e-25
3.599535230174762221e-28
1.782437813346876986e-28
3.303230185251922882e-28
1.599182044806069803e-28
8.025089254045746437e-28
1.506072242965954012e-28
2.414852223808435692e-28
6.932886421759482184e-29
3.122837818720130735e-28
6.310477572531053568e-29
1.610060340197172218e-28
7.372300498225694393e-29
1.956036743113677974e-27
5.708704564951948932e-29
1.562845991930475701e-28
6.284665474890729975e-29
2.969263269152360735e-28
5.783379682926401234e-29
1.737284881111264892e-28
8.560855066384005738e-29
6.915312484926656179e-28
7.109985673039460736e-29
1.558177699458773927e-28
5.074176213779120803e-29
3.023392287413042263e-28
4.951075692969470637e-29
1.526241666877015356e-28
5.768895927747339680e-29
1.520681954201407712e-27
5.389347300328166038e-29
1.517136010863994112e-28
4.993031281538884724e-29
2.998549880090782787e-28
5.471461754299611445e-29
1.671289821280176529e-28
8.410937987868497894e-29
6.754881225889491180e-28
8.599237887744949490e-29
1.778520513456825958e-28
5.305342050969188995e-29
2.961175201931761111e-28
4.842317145228129025e-29
1.460344422352049083e-28
5.337253526506623726e-29
5.738477398583685800e-27
5.092172995856173056e-29
1.469989305313605093e-28
4.984268950918876444e-29
2.961493965423339338e-28
5.316915351202219125e-29
1.692937612061017735e-28
8.156755979669692763e-29
6.754881225889491180e-28
8.310273167805836286e-29
1.713768064260153115e-28
5.188146037675211487e-29
2.998331338276517266e-28
5.006834184152212267e-29
1.481273153523705499e-28
5.742750988872063137e-29
1.520681954201407712e-27
5.388693376362438612e-29
1.499247057574149761e-28
5.006076299425202624e-29
3.022814263419481755e-28
5.112451166568536572e-29
1.553695715291339212e-28
7.736977836592509303e-29
6.915312484926656179e-28
1.027637734782659061e-28
1.823406511584244114e-28
5.703427272470959134e-29
2.969129000577699504e-28
5.568049908110653122e-29
1.520887476565355173e-28
5.990342087956725322e-29
1.956036743113677974e-27
6.947873155351784793e-29
1.597834843973791582e-28
6.481752452621939156e-29
3.123132775287901098e-28
6.833715945934448149e-29
2.377815252227199865e-28
1.410860514867366665e-28
8.025089254045746437e-28
1.576106351641695328e-28
3.300569158402891843e-28
1.688119480466640357e-28
3.599084995971585838e-28
7.672281697845785504e-25
1.136615909631686482e-19
2.238596056083650938e-14
1.999201354497220207e-10
1.022432765025836730e-06
1.137603918537440171e-03
8.973091702564058858e-01
8.777493009678751790e-01
2.163694840155156101e+02
1.299934823556534411e+03
1.855588326701258211e+03
2.359469158777685607e+03
6.264106028949119718e+03
3.662645740847990510e+03
5.242494164311078748e+02
6.109425775413447113e+00
1.095402707329262354e-05
2.233809353213220108e-07
8.571870276023753445e-11
