2.398243857711811084e+06
8.511666815023730067e-11
2.214231123991164649e-07
1.080940180722860371e-05
6.039193036627108491e+00
5.220536625820855079e+02
3.677541852426303194e+03
6.235228684814435837e+03
2.388024768323287844e+03
1.891536119003538488e+03
1.317347925556595555e+03
2.186110647060594090e+02
8.867294855255446473e-01
8.924037699438948090e-01
1.132986546429171548e-03
1.005431276771340489e-06
1.932250923339040414e-10
2.129776392042657187e-14
1.064724913476599141e-19
7.078540686884077300e-25
3.565129679161846531e-28
1.813702492154195254e-28
3.253300061494043429e-28
1.585634531283915781e-28
7.974934504611083768e-28
1.502224878017973116e-28
2.409229371947143537e-28
6.947442062435226855e-29
3.152809314974372473e-28
6.404662489594877433e-29
1.580118624977800058e-28
7.480967335538622955e-29
1.927588936376509363e-27
5.784634511064121664e-29
1.548289292711331254e-28
6.347113170513628227e-29
2.933747925849354636e-28
5.955582244452800605e-29
1.716471215518544335e-28
8.642925045209399059e-29
6.964484936743831906e-28
7.180839974899465919e-29
1.543189502228105227e-28
5.132106753214977717e-29
2.982999571740812524e-28
5.022406228591762260e-29
1.507641459937367630e-28
5.839563887709396816e-29
1.515586440299234289e-27
5.383579863420684375e-29
1.492252110310521404e-28
4.980499383526004572e-29
2.984195404281068942e-28
5.515155448496011101e-29
1.685531254443032945e-28
8.432868735811350249e-29
6.752258088181339867e-28
8.821937642290078092e-29
1.790272465429367129e-28
5.380899937333769898e-29
2.973330348488312974e-28
4.796850180557856679e-29
1.461070939119322516e-28
5.376076298775151787e-29
5.646047341476934471e-27
5.145367831940057071e-29
1.467097541213345157e-28
4.928869240895018002e-29
2.973158622467693612e-28
5.398084260640551155e-29
1.709367653685457573e-28
8.286898919672996062e-29
6.752258088181339867e-28
8.386559441481508939e-29
1.723430575322415863e-28
5.286703212815216119e-29
2.984121632968220240e-28
5.014732125106145280e-29
1.459023385893530374e-28
5.732834582919882402e-29
1.515586440299234289e-27
5.422632069060072938e-29
1.483399251270401831e-28
5.086660106086342606e-29
2.983042178958397908e-28
5.191386605229382798e-29
1.547229979529510248e-28
7.847667874000830769e-29
6.964484936743831906e-28
1.044321773575252420e-28
1.808024606796165023e-28
5.853572735353058037e-29
2.933922501464387290e-28
5.552141533237819258e-29
1.508913837685730254e-28
6.088094007953783735e-29
1.927588936376509363e-27
7.032756800996727235e-29
1.566794340437919148e-28
6.537849946891092698e-29
3.153046931105821710e-28
6.854977233038279587e-29
2.378982194674348882e-28
1.412000458819795439e-28
7.974934504611083768e-28
1.551155660150731745e-28
3.254851904780992882e-28
1.716304715062249284e-28
3.564613674325918976e-28
7.076294487730497516e-25
1.064726531422351547e-19
2.129776388674950345e-14
1.932250923339040414e-10
1.005431276772070208e-06
1.132986546429169163e-03
8.924037699438945870e-01
8.867294855255446473e-01
2.186110647060594090e+02
1.317347925556595555e+03
1.891536119003538488e+03
2.388024768323287844e+03
6.235228684814435837e+03
3.677541852426303194e+03
5.220536625820855079e+02
6.039193036627108491e+00
1.080940180723040450e-05
2.214231123992250174e-07
8.511666814869990795e-11
