2.398407606172635686e+06
8.252774924071248998e-11
2.150710424480423399e-07
1.047176098471304608e-05
5.875731217382240246e+00
5.221871667113717876e+02
3.760940577858005327e+03
6.152299599884569943e+03
2.433398561008744764e+03
1.962786122335120581e+03
1.295067102505407547e+03
2.199038694190334695e+02
9.016846458527165709e-01
8.839717806108452480e-01
1.124868304038604194e-03
9.776974032842161641e-07
1.815074291077552004e-10
1.936998323182962586e-14
9.387836155138760819e-20
6.045803173137146204e-25
3.556204874741515595e-28
1.806598569147765481e-28
3.264839239027341527e-28
1.622933349176953320e-28
7.927683336148504779e-28
1.480863549641961365e-28
2.417845763090445364e-28
7.167286280111522668e-29
3.122064367989391634e-28
6.461328834140079636e-29
1.597397758490105716e-28
7.475022426530010081e-29
1.939736835465493432e-27
5.720889536552050633e-29
1.572069304892700951e-28
6.302312459324021696e-29
2.960367522892582779e-28
5.948095231243132112e-29
1.718601414586516290e-28
8.527621754798666551e-29
7.050319792001606150e-28
7.234216607189647433e-29
1.544111110228692319e-28
5.159692548390333962e-29
3.008171931056847294e-28
5.032841633363175282e-29
1.515789700442182816e-28
5.767548561488768204e-29
1.513243035052768743e-27
5.312543801423357993e-29
1.513949070323771141e-28
4.995385491776196512e-29
2.991711387347663229e-28
5.439733803242256405e-29
1.660735500436721564e-28
8.458806510679954746e-29
6.774182400871768485e-28
8.813565431255047212e-29
1.785907861711959818e-28
5.367279284215522806e-29
2.970524510643786019e-28
4.936158612782544022e-29
1.462897423390339782e-28
5.337254439617340149e-29
5.758744965900930279e-27
5.098088455428404841e-29
1.469325920129140281e-28
5.058496785240288209e-29
2.969720722124286183e-28
5.369347250530525751e-29
1.707408634996092495e-28
8.348775883457743066e-29
6.774182400871768485e-28
8.364420027150626797e-29
1.693680635033437140e-28
5.257745659363623409e-29
2.992352706762158505e-28
5.025886876704342569e-29
1.478857208611604089e-28
5.635522373826393755e-29
1.513243035052768743e-27
5.414746691194572883e-29
1.490031347445974477e-28
5.089997770904995360e-29
3.007872054759735006e-28
5.194300207539797124e-29
1.545641942873075851e-28
7.785363396679622294e-29
7.050319792001606150e-28
1.004403926134605264e-28
1.806291157905714847e-28
5.833587602807465314e-29
2.960274982793825632e-28
5.613709460105409606e-29
1.530795241920076290e-28
5.989428517318317132e-29
1.939736835465493432e-27
7.075948373483921057e-29
1.583227780113185333e-28
6.622628397662363180e-29
3.122695062089922262e-28
7.095831352163909993e-29
2.376512073890225509e-28
1.390652423266792111e-28
7.927683336148504779e-28
1.587398931247877190e-28
3.267688369760735873e-28
1.701656161214223648e-28
3.556022372118167019e-28
6.044415651245246316e-25
9.387849834242053902e-20
1.936998320175680612e-14
1.815074291077552004e-10
9.776974032849270365e-07
1.124868304038600941e-03
8.839717806108451370e-01
9.016846458527167929e-01
2.199038694190335264e+02
1.295067102505407547e+03
1.962786122335120581e+03
2.433398561008744764e+03
6.152299599884569943e+03
3.760940577858005327e+03
5.221871667113719013e+02
5.875731217382240246e+00
1.047176098471480621e-05
2.150710424481386634e-07
8.252774923931282284e-11
