2.398345288450897671e+06
7.776349471014199946e-11
2.031856942386149571e-07
1.017296384914923989e-05
5.669717211567112614e+00
5.368895982185978255e+02
3.918988503230340029e+03
5.960193907495271560e+03
2.571819905782299429e+03
2.028721926419803822e+03
1.226443790004059565e+03
2.143276185411412769e+02
9.161535916930045875e-01
8.603110181875021079e-01
1.094122566798581267e-03
9.245872721961126913e-07
1.633220650245622827e-10
1.669333905431938834e-14
7.784651687401504153e-20
4.814902768882863863e-25
3.550135746542330223e-28
1.782109647589666899e-28
3.365213389767367356e-28
1.583654626080943271e-28
7.883751682053205212e-28
1.471544499043276519e-28
2.387487243488482999e-28
7.230179628936589690e-29
3.156475998413061227e-28
6.544347975008376109e-29
1.577309763421273136e-28
7.376362088396964454e-29
1.946985253412329157e-27
5.837165775578003838e-29
1.584602228899984824e-28
6.418712032932517516e-29
2.984586035418924102e-28
6.082962902288045061e-29
1.740112967330085980e-28
8.409905552364319449e-29
7.019684211320482758e-28
7.274914393658118243e-29
1.556378632390515441e-28
5.228689618594915408e-29
2.993771130875966782e-28
4.971738229774041681e-29
1.528217621998553780e-28
5.882809802548380293e-29
1.511372143860917403e-27
5.366519491326000153e-29
1.520949983391111240e-28
5.080804132712063632e-29
2.996445238820167197e-28
5.460817723116258204e-29
1.678021699953661246e-28
8.412421144931890749e-29
6.709889462020755087e-28
8.723209639496064121e-29
1.788858812954078447e-28
5.368314728837498777e-29
2.945023674724469281e-28
4.883930735955020790e-29
1.457556039945959031e-28
5.430590041264546323e-29
5.720717996870500392e-27
5.190653642202174093e-29
1.465567942474041927e-28
5.033412301329116215e-29
2.945024363861317991e-28
5.412588266323434651e-29
1.709224567100429452e-28
8.192351949900177657e-29
6.709889462020755087e-28
8.244203372016729363e-29
1.706253516491871062e-28
5.236144115049860262e-29
2.996520985019728784e-28
5.122169686906341480e-29
1.490023518584745145e-28
5.682824866991899282e-29
1.511372143860917403e-27
5.488064747226264678e-29
1.500365714129547458e-28
5.027051603492344094e-29
2.993857124934746323e-28
5.256278123974673431e-29
1.553557445504549165e-28
8.046463070783348156e-29
7.019684211320482758e-28
9.741562283608428528e-29
1.827895653112418977e-28
5.914392489102748524e-29
2.984495757278052260e-28
5.659442102102150975e-29
1.539091064728343688e-28
6.106378161056901397e-29
1.946985253412329157e-27
6.936460077113182026e-29
1.564713653043233911e-28
6.732451928978712293e-29
3.156865315996395261e-28
7.108824100064939383e-29
2.334746506166466692e-28
1.393560191350417523e-28
7.883751682053205212e-28
1.551495918713361973e-28
3.358560020400854155e-28
1.678356051819066232e-28
3.549664236075291981e-28
4.814237843034025338e-25
7.784661228290370334e-20
1.669333902811496892e-14
1.633220650245622827e-10
9.245872721967477543e-07
1.094122566798577797e-03
8.603110181875021079e-01
9.161535916930045875e-01
2.143276185411412769e+02
1.226443790004059792e+03
2.028721926419803822e+03
2.571819905782299429e+03
5.960193907495270651e+03
3.918988503230340029e+03
5.368895982185978255e+02
5.669717211567111725e+00
1.017296384915088822e-05
2.031856942386924871e-07
7.776349470856059815e-11
