2.394599624979218468e+06
6.847319193306364466e-11
1.764946292695304869e-07
9.610501531518281969e-06
5.674974113555649069e+00
5.826773237556027425e+02
4.188206969683631542e+03
5.544705613856493983e+03
3.054859617171772697e+03
2.246744749351228620e+03
1.130104531131238673e+03
2.068621535595596015e+02
8.936444016255860046e-01
7.831091191262061768e-01
9.745515552642178931e-04
7.738826326952318421e-07
1.217361817421126832e-10
1.124786534318434151e-14
4.819497210440784419e-20
2.728139941225902357e-25
3.543991914578201167e-28
1.856221387668817397e-28
3.401488566737265739e-28
1.670534072667869821e-28
8.032519318116325458e-28
1.562802069145512016e-28
2.468000017409088290e-28
7.312913280119962114e-29
3.171137003598214078e-28
6.763313933169548611e-29
1.612126557827520107e-28
7.756995611450347401e-29
1.923015468390958094e-27
5.803301557775195423e-29
1.591601046344667296e-28
6.389644739409520769e-29
2.970291035052914147e-28
6.128329616404751386e-29
1.748791303704627703e-28
8.738999231114329903e-29
7.112806545711904432e-28
7.738182591919775014e-29
1.547877938309296544e-28
5.238448661713517772e-29
3.017761685908885197e-28
5.042210662975877042e-29
1.547508944985626033e-28
5.901385938112129093e-29
1.510823341611390137e-27
5.464107238620898540e-29
1.518942899095132908e-28
5.055798975086080263e-29
2.978742361198132298e-28
5.493789393138133653e-29
1.690896507547562097e-28
8.717521183799234605e-29
6.853583153805336356e-28
8.726005602739288313e-29
1.827782855894372616e-28
5.515889106655939005e-29
2.977482018856413066e-28
4.945303341179640346e-29
1.452071867010316131e-28
5.427859430183375488e-29
5.600620574971028962e-27
5.178638905061803592e-29
1.460251405662584075e-28
5.115760320644006095e-29
2.977851235393870860e-28
5.568057297136201733e-29
1.737249171810029637e-28
8.364696449074919989e-29
6.853583153805336356e-28
8.588802499066433109e-29
1.712749897451980442e-28
5.339242380977366810e-29
2.979003811708941873e-28
5.093110346326636362e-29
1.487872071524434295e-28
5.829000209830213343e-29
1.510823341611390137e-27
5.517846137277276744e-29
1.516043670643548696e-28
5.110136880213046283e-29
3.017914229573041951e-28
5.282049536226219757e-29
1.546355777747203909e-28
8.527261010367758248e-29
7.112806545711904432e-28
1.021695481159656974e-28
1.845419463372498945e-28
6.026209479706468408e-29
2.970429051375860736e-28
5.709554964954516988e-29
1.546787379446946624e-28
6.094983420404054596e-29
1.923015468390958094e-27
7.343070956686125158e-29
1.595695948159968157e-28
6.882916304138418340e-29
3.171467282966810483e-28
7.242644633627293514e-29
2.423893324186248841e-28
1.468534654713924127e-28
8.032519318116325458e-28
1.635180025455326968e-28
3.401496278811911178e-28
1.760005779286722300e-28
3.543501883029461261e-28
2.728483968912205025e-25
4.819500864121458164e-20
1.124786532302283171e-14
1.217361817421126832e-10
7.738826326958673286e-07
9.745515552642142068e-04
7.831091191262058437e-01
8.936444016255860046e-01
2.068621535595596299e+02
1.130104531131238673e+03
2.246744749351228620e+03
3.054859617171772697e+03
5.544705613856493983e+03
4.188206969683631542e+03
5.826773237556026288e+02
5.674974113555649069e+00
9.610501531519989588e-06
1.764946292695713033e-07
6.847319193153068512e-11
