2.401970393037796486e+06
1.096810907647586542e-10
3.219148649615091497e-07
1.159746243786501327e-05
7.962688993631872769e+00
8.139747243468050328e+02
3.860770045236004989e+03
7.384048231565680908e+03
2.624664607763093045e+03
2.233045370956626812e+03
9.418160899649781186e+02
2.318497037566646952e+02
9.997233445831742449e-01
1.182102128084914439e+00
1.619290563955536359e-03
2.124812158110460957e-06
5.913844813850076224e-10
8.969571654882142469e-14
6.035349011372838113e-19
5.233093308355873896e-24
4.270290147653783584e-28
1.827835272279636146e-28
3.146047698786870121e-28
1.878616406013932461e-28
8.523111471019095037e-28
1.731863909909340418e-28
2.350742458412449669e-28
8.058983285669469850e-29
3.170369122177752474e-28
7.019523800300263097e-29
1.615556589675596422e-28
7.739784796673077574e-29
1.939578479966759305e-27
6.311673839693362690e-29
1.592277473944208406e-28
7.129497725118822216e-29
2.978908558595417219e-28
6.369219829179383621e-29
1.689677731782650400e-28
9.130628961939391151e-29
7.132397868856429084e-28
7.904755175657304462e-29
1.557978515941039611e-28
5.477472802688593419e-29
3.051749419052240908e-28
5.267800023829577383e-29
1.539638662661988283e-28
6.110720540420217722e-29
1.520505287722711943e-27
5.632236052219173255e-29
1.535980879670981791e-28
5.286946048714126207e-29
2.998508042363981556e-28
5.782396170859516574e-29
1.638725045085685731e-28
8.980990564096082749e-29
6.829631291904226688e-28
9.392235765755879713e-29
1.788967585858100723e-28
5.745939359907980803e-29
3.011667889169008805e-28
5.206683797211605318e-29
1.474497848912381099e-28
5.756801634166650453e-29
5.694626666218199051e-27
5.488647853033482582e-29
1.483529610875278692e-28
5.435853142348568998e-29
3.011182199824396516e-28
5.700460115467731059e-29
1.705220846299880465e-28
8.994116818776703799e-29
6.829631291904226688e-28
8.738522672998853778e-29
1.664840025582095230e-28
5.544214528489814346e-29
2.998384084304948526e-28
5.288102571390913230e-29
1.503526173623500553e-28
6.031474371270817841e-29
1.520505287722711943e-27
5.663789047789231077e-29
1.509169755402271002e-28
5.335790336326754760e-29
3.051669533153859477e-28
5.496464642762004112e-29
1.550925018017906340e-28
8.754466185784554411e-29
7.132397868856429084e-28
1.113089394115738464e-28
1.776697761556037983e-28
6.242583258212734854e-29
2.979124657758669734e-28
6.015939518082755921e-29
1.549263011100634261e-28
6.590161818809828663e-29
1.939578479966759305e-27
7.208034242032187503e-29
1.599252498804620870e-28
7.248894286596038616e-29
3.170793126588922690e-28
7.988604596549432605e-29
2.296524456147335377e-28
1.587219239914840075e-28
8.523111471019095037e-28
1.884074550477826882e-28
3.147773108074855945e-28
1.690688433027690862e-28
4.269649228450185771e-28
5.232112079592704315e-24
6.035355286758155584e-19
8.969571649862499360e-14
5.913844813850076224e-10
2.124812158111806045e-06
1.619290563955536359e-03
1.182102128084914661e+00
9.997233445831742449e-01
2.318497037566646952e+02
9.418160899649782323e+02
2.233045370956626812e+03
2.624664607763093045e+03
7.384048231565680908e+03
3.860770045236004989e+03
8.139747243468050328e+02
7.962688993631871881e+00
1.159746243786582642e-05
3.219148649615633598e-07
1.096810907637334801e-10
