2.386006707451126538e+06
6.403527819324777709e-11
1.611715903842956492e-07
9.234171871472605169e-06
5.924838335295517844e+00
6.574075682621592023e+02
4.756184787374751977e+03
5.487057846652117405e+03
3.525329247673802456e+03
2.427203597253638691e+03
1.170466885955045655e+03
2.067480805727388997e+02
9.168340632326948958e-01
7.914992101330646790e-01
9.612679539954901596e-04
7.639390585025288925e-07
1.138461120867323213e-10
9.644782965671623518e-15
3.762978132814332980e-20
1.925003053238402371e-25
3.534077235280600009e-28
2.466661363091375759e-28
3.633032023428749959e-28
2.027075316073078919e-28
8.476882035186869643e-28
1.622531507010754298e-28
2.788380360611587167e-28
7.949017116637433120e-29
3.211012313108539852e-28
6.786439555140298058e-29
1.671107355580158437e-28
8.196007130302558150e-29
1.971393394092376062e-27
6.359559791196526472e-29
1.637392364100034713e-28
6.570275265995472673e-29
2.962832997075398550e-28
6.250671918791231365e-29
1.778426546808067822e-28
9.084278759668939403e-29
7.225969840849194262e-28
8.151708667647328533e-29
1.581461710605467715e-28
5.491819955505102500e-29
3.047281561434591657e-28
5.293839768771474536e-29
1.562852667266970054e-28
6.006403590728399535e-29
1.538561751758755355e-27
5.597731653673939889e-29
1.556706002449937089e-28
5.268722236968445051e-29
3.011741966681084000e-28
5.639150481508166697e-29
1.720482637352996947e-28
9.617128048731348466e-29
6.957969338663576997e-28
8.967627165513912909e-29
1.891944279844779095e-28
5.655096309031958611e-29
2.946835660475609224e-28
5.125406110507630172e-29
1.500250017950735012e-28
5.505198605192331709e-29
5.752781147053076751e-27
5.314419810471045850e-29
1.505641110254160215e-28
5.234301099549846474e-29
2.946890226017525742e-28
5.672580912423250956e-29
1.782553328066213348e-28
8.512589718579815769e-29
6.957969338663576997e-28
9.482784033391362115e-29
1.732198512951472914e-28
5.477740775250623263e-29
3.011692538214342780e-28
5.275963939207950967e-29
1.527870016073450175e-28
5.938780824398797764e-29
1.538561751758755355e-27
5.630981760695215884e-29
1.522946544891365667e-28
5.351953324549709952e-29
3.047622168308747615e-28
5.516454644189128971e-29
1.581603624994143997e-28
8.821400463750848635e-29
7.225969840849194262e-28
1.070186728865131270e-28
1.889583975398335387e-28
6.149250844566759899e-29
2.962716480029651970e-28
5.928299619742198403e-29
1.581649588829831987e-28
6.571689828646098963e-29
1.971393394092376062e-27
7.685281961762125351e-29
1.653172058416262375e-28
6.917980072382813011e-29
3.211980263822615644e-28
7.881457528768255300e-29
2.746521105301088080e-28
1.530672860481021068e-28
8.476882035186869643e-28
1.999976636159643866e-28
3.628919419414965569e-28
2.335321945530632672e-28
3.534236988235370989e-28
1.925606697822071689e-25
3.762979617613344631e-20
9.644782958038169948e-15
1.138461120867323213e-10
7.639390585032864576e-07
9.612679539954876659e-04
7.914992101330646790e-01
9.168340632326948958e-01
2.067480805727389281e+02
1.170466885955045655e+03
2.427203597253638691e+03
3.525329247673802456e+03
5.487057846652118315e+03
4.756184787374751977e+03
6.574075682621593160e+02
5.924838335295517844e+00
9.234171871474158627e-06
1.611715903843469741e-07
6.403527819244673021e-11
