2.384458036408606917e+06
6.354365085885941480e-11
1.576717743257483158e-07
9.122771753778420370e-06
5.947697838002403259e+00
6.691660200706602382e+02
4.840091786826932548e+03
5.396434979416989336e+03
3.630004939096758335e+03
2.387287693495655276e+03
1.181514438384120012e+03
2.058425323653460168e+02
9.165804121445005892e-01
7.922800859258366524e-01
9.608875394744471063e-04
7.673850608642643154e-07
1.138339231492293463e-10
9.521923167104202983e-15
3.657459531104675808e-20
1.839518053998711942e-25
3.560697152434278115e-28
2.588497232874120186e-28
3.672255872176347623e-28
2.099462926674031155e-28
8.390597384328786897e-28
1.614779388297329610e-28
2.824185158004345178e-28
8.049514089755638288e-29
3.195202635718043037e-28
6.856161904170666935e-29
1.672040348100393631e-28
8.467887788533706414e-29
1.973052115184292098e-27
6.316796940274379497e-29
1.632176531980272006e-28
6.555592714934395386e-29
2.986258436514225051e-28
6.293033854950484494e-29
1.775907433312730163e-28
9.000622346203786553e-29
7.223634413719668042e-28
8.285114520312449269e-29
1.591045565158990765e-28
5.449950484162910669e-29
3.028871934264902696e-28
5.276767659833164915e-29
1.574982677789564992e-28
5.983712675144369343e-29
1.511348506948331418e-27
5.468337205318456046e-29
1.540442266944962010e-28
5.270501950948374748e-29
3.027512278160254326e-28
5.709767617196533208e-29
1.740173663154010697e-28
9.494291593755660342e-29
6.858373420438354463e-28
8.892137244267109769e-29
1.912016740170726589e-28
5.651341835027210253e-29
3.021198666525451778e-28
5.073978250600042111e-29
1.486342057656526053e-28
5.572163045859365831e-29
5.777742581909038683e-27
5.365550499805024037e-29
1.494263958086680076e-28
5.206524630805861896e-29
3.020789635882614738e-28
5.625685583676522263e-29
1.799149865812476714e-28
8.649740884903075081e-29
6.858373420438354463e-28
9.373148391850023798e-29
1.748864957790689959e-28
5.490754572791774362e-29
3.027308591390618516e-28
5.297606176093329828e-29
1.512312923163159033e-28
5.750755509463623308e-29
1.511348506948331418e-27
5.607311946857176298e-29
1.534268406260936002e-28
5.351184952998262692e-29
3.028923773197102871e-28
5.488561854723604294e-29
1.587440697388217261e-28
8.910210243597606628e-29
7.223634413719668042e-28
1.063627491815455549e-28
1.893759269797047681e-28
6.168018312545205591e-29
2.986251059475230819e-28
5.917323941844090433e-29
1.575127881587001696e-28
6.517412199276270582e-29
1.973052115184292098e-27
7.963312475261188001e-29
1.654807584786567848e-28
6.963304994785163915e-29
3.195930673380075504e-28
7.977392774645051831e-29
2.777387956318106786e-28
1.526439619083070150e-28
8.390597384328786897e-28
2.067000698710733801e-28
3.677547652596829518e-28
2.458261680867759649e-28
3.560745020325902667e-28
1.840218251469317653e-25
3.657460713557478927e-20
9.521923156379905612e-15
1.138339231492293463e-10
7.673850608649987989e-07
9.608875394744454800e-04
7.922800859258362083e-01
9.165804121445005892e-01
2.058425323653460453e+02
1.181514438384120467e+03
2.387287693495655276e+03
3.630004939096758335e+03
5.396434979416990245e+03
4.840091786826933458e+03
6.691660200706602382e+02
5.947697838002403259e+00
9.122771753779936559e-06
1.576717743257952467e-07
6.354365085793046512e-11
