2.379542233502330724e+06
6.225565782479669781e-11
1.481586656972719098e-07
8.744804234161289910e-06
5.922160238847899549e+00
6.887098198929969612e+02
4.985866091251090438e+03
5.166008908896745197e+03
3.891628723344648733e+03
2.356240414082704319e+03
1.211551129693506709e+03
2.028231083858187844e+02
9.125017032221192093e-01
7.896688084473707514e-01
9.550309237659356486e-04
7.776557977093867484e-07
1.136039051107700947e-10
9.116847139254122101e-15
3.334254456744388048e-20
1.602060091314137313e-25
3.613738732476599664e-28
2.632328270275874110e-28
3.841648754987475924e-28
2.183705174558861192e-28
8.555723499495259114e-28
1.732386250148934183e-28
2.884404762741975439e-28
8.272858774032389610e-29
3.224684675353474602e-28
7.115106091405166238e-29
1.693890441609408345e-28
8.836272123285996235e-29
1.969165891431317317e-27
6.408121243505401786e-29
1.635405660177051717e-28
6.613248398651462067e-29
3.003843245919675713e-28
6.519697386757695320e-29
1.832873193042755874e-28
8.825552301161462412e-29
7.353348066141736801e-28
8.712109135880790950e-29
1.609931607333202536e-28
5.459467543123017040e-29
3.048959295718564160e-28
5.239405497361787094e-29
1.580950373221742469e-28
6.062066415135711927e-29
1.522796829868012412e-27
5.679332389238121943e-29
1.566103199670587053e-28
5.248952694736715104e-29
3.025034468888203594e-28
5.792288258382920734e-29
1.783724856402139603e-28
9.306499058227470325e-29
6.956344947700765277e-28
8.888727704066803597e-29
1.944753628839519272e-28
5.756890991121794100e-29
2.986501205256769436e-28
5.160203506959709518e-29
1.498638008286185836e-28
5.607843430291838874e-29
5.840261894218323506e-27
5.380265855915248211e-29
1.508729436070146755e-28
5.280359421698311137e-29
2.986367711243240410e-28
5.767629825227842467e-29
1.830813706908583947e-28
8.555962599612366696e-29
6.956344947700765277e-28
9.224029808775856555e-29
1.812241189622474152e-28
5.653637158144332935e-29
3.025106252177914715e-28
5.256097141250152596e-29
1.536650924320456982e-28
5.944188333707896801e-29
1.522796829868012412e-27
5.730455638228968192e-29
1.538038509660168360e-28
5.295272154566770951e-29
3.048593308830357044e-28
5.494139907218210898e-29
1.608105972721006368e-28
9.349234272249087151e-29
7.353348066141736801e-28
1.046297826192509514e-28
1.955910525805614992e-28
6.425212020851584944e-29
3.004172954164199061e-28
6.044324451257132899e-29
1.580934508744382837e-28
6.599784950816522323e-29
1.969165891431317317e-27
8.395874636882433817e-29
1.668363322559930395e-28
7.202928418538499840e-29
3.225081875628311769e-28
8.187657156367080906e-29
2.845605763576405835e-28
1.645063561876918280e-28
8.555723499495259114e-28
2.148480810223227786e-28
3.845224975798395499e-28
2.500804243079088850e-28
3.613952022172327563e-28
1.602886121259668855e-25
3.334254949590049197e-20
9.116847128037403553e-15
1.136039051107700947e-10
7.776557977101241965e-07
9.550309237659321791e-04
7.896688084473705294e-01
9.125017032221193203e-01
2.028231083858188128e+02
1.211551129693506709e+03
2.356240414082704319e+03
3.891628723344648733e+03
5.166008908896745197e+03
4.985866091251090438e+03
6.887098198929970749e+02
5.922160238847899549e+00
8.744804234162626528e-06
1.481586656972993325e-07
6.225565782438071644e-11
