2.372178527475697454e+06
6.400990315720490905e-11
1.324263277045852650e-07
8.294294905639910506e-06
5.824948614434992678e+00
6.999287287277023779e+02
4.957121726342177681e+03
5.025658130990351310e+03
3.958711527325487168e+03
2.456111253203856450e+03
1.261967393777799771e+03
2.011245093721932733e+02
9.042906916333772749e-01
7.813620169331773058e-01
9.351532326853040583e-04
7.765769497704848127e-07
1.110866333137490014e-10
8.509310968811542432e-15
2.957998116051171136e-20
1.360262164714674973e-25
3.757430891822697566e-28
2.734186803750498921e-28
4.023525060645575405e-28
2.152123741935106313e-28
9.079727598305743685e-28
1.685708918155737759e-28
3.079820677332216110e-28
8.774718535679547307e-29
3.270976844692773212e-28
7.260947806047799411e-29
1.703539687678468332e-28
8.843905842260589820e-29
1.992185201901923835e-27
6.798403631767062742e-29
1.667496595089649556e-28
6.567603460838766479e-29
3.013374242370355067e-28
6.597917774396027927e-29
1.864922104086921202e-28
9.152270259618527641e-29
7.644458083304808568e-28
9.136561425407736013e-29
1.597111986434870992e-28
5.458296031959336447e-29
3.064491538851384345e-28
5.342998649491208642e-29
1.584474446430674213e-28
6.020257459196074398e-29
1.527574894924988390e-27
5.534958541437373805e-29
1.556020728707840707e-28
5.334015438321680114e-29
3.021762651957615664e-28
5.835182753280711333e-29
1.824463963512211696e-28
9.758850237339590280e-29
7.106699482468151771e-28
9.065859934911037851e-29
1.938150525938364541e-28
5.830818518429985909e-29
2.998871202062623986e-28
5.120350719634843182e-29
1.505905981934468872e-28
5.579817540718891751e-29
5.817298017953850757e-27
5.390798125754187309e-29
1.513563663112562060e-28
5.220528329923209181e-29
2.998858543585465626e-28
5.818106662393448462e-29
1.841136827732189140e-28
8.805609549734548059e-29
7.106699482468151771e-28
9.552151466621630443e-29
1.854149468615300995e-28
5.645571837788618948e-29
3.021275480559156932e-28
5.321886416535233394e-29
1.522865122831490751e-28
5.829139993238574754e-29
1.527574894924988390e-27
5.676170322897618162e-29
1.549861396028950211e-28
5.410175412514356765e-29
3.064167476411249108e-28
5.477898069025053103e-29
1.592282506785968214e-28
9.737754302762277461e-29
7.644458083304808568e-28
1.040680988670639471e-28
1.970792715955896945e-28
6.447335765271612581e-29
3.013208256611785264e-28
5.989350557016717455e-29
1.613497323968299527e-28
7.061486336633800453e-29
1.992185201901923835e-27
8.477871769090040928e-29
1.685658444842575597e-28
7.379678553148293622e-29
3.271614530816336338e-28
8.662175873783865786e-29
3.029699497616180123e-28
1.613665121342640926e-28
9.079727598305743685e-28
2.120167231496427961e-28
4.027014025429538615e-28
2.622933498424042699e-28
3.757750434169417421e-28
1.360874372070876334e-25
2.957999443762244328e-20
8.509310962123011697e-15
1.110866333137490014e-10
7.765769497711704859e-07
9.351532326853008057e-04
7.813620169331770837e-01
9.042906916333773859e-01
2.011245093721933301e+02
1.261967393777799771e+03
2.456111253203856450e+03
3.958711527325487168e+03
5.025658130990351310e+03
4.957121726342177681e+03
6.999287287277024916e+02
5.824948614434994454e+00
8.294294905641074329e-06
1.324263277046281195e-07
6.400990315670732114e-11
