2.370516913632219657e+06
6.378471930576686297e-11
1.280759947985359100e-07
8.102224264545546012e-06
5.731348984292572446e+00
6.976325757594127026e+02
4.865468727431418301e+03
4.981980416990242702e+03
3.981033975786917836e+03
2.441198408348644989e+03
1.262064670026830299e+03
2.007038450796978566e+02
9.076618226103911891e-01
7.874376232482406257e-01
9.367454850470492960e-04
7.797346481108590706e-07
1.109577273147023733e-10
8.405710416343075720e-15
2.885899631048086955e-20
1.312236724416083059e-25
3.796438528671570084e-28
2.741907480651669228e-28
4.028441769954111180e-28
2.135192586764415952e-28
9.229536417437057988e-28
1.669597370142838668e-28
3.105694908254972405e-28
8.954511105032180781e-29
3.264147095266699976e-28
7.313303888918143619e-29
1.722395196020810670e-28
8.770587158571517054e-29
2.001522524412841185e-27
6.846780752366891811e-29
1.650714355755898304e-28
6.601943876865987804e-29
3.015280699356828384e-28
6.549664270181361478e-29
1.865895204153389378e-28
9.051104784576066943e-29
7.594058205971914041e-28
8.875901016849313338e-29
1.607336798330864454e-28
5.420030169605437306e-29
3.038105970992834473e-28
5.322157777032119334e-29
1.585926325333335428e-28
6.014014675967953931e-29
1.525836283895774054e-27
5.558125416441267885e-29
1.564836758551555709e-28
5.367591835659298517e-29
3.019779821201852241e-28
5.753214665857165638e-29
1.819775111373935856e-28
9.652000881281509899e-29
7.117328181425316555e-28
8.899227716014546871e-29
1.933893381758680117e-28
5.675234967076032236e-29
2.997353211796782084e-28
5.092865168050288437e-29
1.506924096163288050e-28
5.571907983742820516e-29
5.720426533916219731e-27
5.338888305734968844e-29
1.514363043858981224e-28
5.235678724831544426e-29
2.996988730610002032e-28
5.687445887705226836e-29
1.814130046130913406e-28
8.665260650929425375e-29
7.117328181425316555e-28
9.563040065378761862e-29
1.847627130424394766e-28
5.552746597984149532e-29
3.019690029412893460e-28
5.351252095573257166e-29
1.531417492134070005e-28
5.860854309686440599e-29
1.525836283895774054e-27
5.662853446227031947e-29
1.551290267098535569e-28
5.360891512159049731e-29
3.038122005641442698e-28
5.438825666649108639e-29
1.598799959459603604e-28
9.482321623870629846e-29
7.594058205971914041e-28
1.030264168578487742e-28
1.980870074910622702e-28
6.413377053430072948e-29
3.015294099741131672e-28
6.042862229734566983e-29
1.597921660534750610e-28
7.091793452996747489e-29
2.001522524412841185e-27
8.436178943743191645e-29
1.704503307001107421e-28
7.435514494767570499e-29
3.264316832197216962e-28
8.856975689929975305e-29
3.054781260647885654e-28
1.592286188953350468e-28
9.229536417437057988e-28
2.108313038386412145e-28
4.021700681156227188e-28
2.640404714971549004e-28
3.796780311646594712e-28
1.312772344186881986e-25
2.885900647319341160e-20
8.405710410447596320e-15
1.109577273147023733e-10
7.797346481115033451e-07
9.367454850470458266e-04
7.874376232482405147e-01
9.076618226103914111e-01
2.007038450796978850e+02
1.262064670026830299e+03
2.441198408348644534e+03
3.981033975786917836e+03
4.981980416990242702e+03
4.865468727431419211e+03
6.976325757594128163e+02
5.731348984292572446e+00
8.102224264546718305e-06
1.280759947985833703e-07
6.378471930510796191e-11
