2.368898668509752490e+06
6.354760070866888266e-11
1.237464772376677951e-07
7.888122825925636777e-06
5.608597513930509315e+00
6.926116736976966877e+02
4.748417904989873932e+03
4.965742409067676817e+03
4.009656926543540976e+03
2.433643845675008379e+03
1.252801954784783902e+03
2.000077479134776581e+02
9.134489299458651290e-01
7.954402978988729389e-01
9.408745445887421212e-04
7.859640985572216510e-07
1.114832765049827812e-10
8.363434820099548154e-15
2.836119129950885723e-20
1.274305264960543878e-25
3.812530025269739569e-28
2.740022403393291338e-28
4.089617266930893815e-28
2.134055107289479779e-28
9.440306606332508030e-28
1.659488735538390185e-28
3.060196247378058987e-28
9.180985511977521390e-29
3.254882610065104425e-28
7.440611376921246881e-29
1.690855193289890084e-28
8.770133885063890456e-29
1.978325807643108992e-27
6.789850748865239694e-29
1.657548268154091015e-28
6.610409535854174407e-29
3.007898085580215312e-28
6.375805792242151688e-29
1.876068828496312855e-28
8.835150413503413579e-29
7.584509628402672523e-28
8.710086609689055355e-29
1.585983717637015680e-28
5.440606863831198422e-29
3.091127126522808335e-28
5.282219426468470479e-29
1.589162553637973438e-28
5.897054933890698910e-29
1.533326924770027824e-27
5.571404126338377575e-29
1.551025209960112703e-28
5.375137548234800814e-29
3.031220892478523804e-28
5.765093969061322922e-29
1.827906680477657033e-28
9.726638376091975722e-29
7.137676012790105147e-28
8.753026851287065739e-29
1.902549828726251385e-28
5.675194894601725015e-29
3.003957247536913935e-28
5.088980761385954966e-29
1.501398908186604043e-28
5.516098149325409178e-29
5.819854421568630604e-27
5.283925803352045756e-29
1.509039216522085652e-28
5.171584491479226738e-29
3.003874429760212837e-28
5.648631427156337507e-29
1.788343286807870225e-28
8.534401186132363039e-29
7.137676012790105147e-28
9.592739638134620480e-29
1.850604340556350565e-28
5.529168786572264754e-29
3.031232211185543363e-28
5.341602190482755780e-29
1.522697689027644993e-28
5.889912927301940643e-29
1.533326924770027824e-27
5.543803440619201213e-29
1.551604045928579153e-28
5.353986752363304399e-29
3.090964797145259619e-28
5.453952792639669818e-29
1.584386869851744748e-28
9.399891037141515897e-29
7.584509628402672523e-28
1.013399459807739775e-28
1.985675324179675860e-28
6.269149478430387527e-29
3.008203338775519680e-28
5.994551651014952652e-29
1.600250546486602435e-28
7.022968586257139404e-29
1.978325807643108992e-27
8.417494082296822575e-29
1.672165990155788023e-28
7.547690515592625881e-29
3.255228035167921956e-28
9.070179235934441396e-29
3.017586921774167995e-28
1.583673626005559374e-28
9.440306606332508030e-28
2.108313857255069557e-28
4.095369321849993645e-28
2.646262273048411698e-28
3.812959200078731181e-28
1.274781117945817988e-25
2.836120390271638906e-20
8.363434812476226713e-15
1.114832765049827812e-10
7.859640985578616902e-07
9.408745445887381096e-04
7.954402978988724948e-01
9.134489299458651290e-01
2.000077479134776581e+02
1.252801954784784130e+03
2.433643845675008379e+03
4.009656926543540976e+03
4.965742409067676817e+03
4.748417904989873932e+03
6.926116736976968014e+02
5.608597513930509315e+00
7.888122825926673545e-06
1.237464772377291785e-07
6.354760070806381297e-11
