2.367228478253166657e+06
6.326534266828846233e-11
1.199088200033444309e-07
7.699830896446420889e-06
5.472301764308888927e+00
6.854552017854430233e+02
4.628987221922720892e+03
4.975136704865929460e+03
4.044382028990411072e+03
2.443167883358385552e+03
1.233624416884739503e+03
1.988447591686136207e+02
9.214219034543849052e-01
8.044750106154571201e-01
9.474264060207577241e-04
7.956482273204506510e-07
1.128239574107881489e-10
8.402473544957304869e-15
2.817635536470245004e-20
1.250358016476599210e-25
3.880359470288556564e-28
2.762147072518296608e-28
4.107370664854880069e-28
2.145881495599412015e-28
9.586938415020415795e-28
1.671116098018574255e-28
3.126816168196279437e-28
9.138797289402135640e-29
3.272366238155222688e-28
7.344603351571217459e-29
1.674374141751005102e-28
8.701673563813622594e-29
1.988202441582943455e-27
6.796493767263539053e-29
1.653387848934838727e-28
6.566623940273726604e-29
2.977502670844393734e-28
6.377163957960756044e-29
1.883718365230196755e-28
8.782668973182642818e-29
7.579127720364508486e-28
8.443433194776175477e-29
1.613369614038378546e-28
5.429195225270159753e-29
3.050160587808812119e-28
5.273830463951860202e-29
1.560325255491835798e-28
5.935242617844961439e-29
1.522258685199171178e-27
5.566477268814402798e-29
1.554663265426823998e-28
5.299771964646224570e-29
3.039995465104290730e-28
5.700861241049355767e-29
1.797116643993165153e-28
9.482124077328950141e-29
7.132006549429218418e-28
8.719236348671437855e-29
1.906717878619628914e-28
5.753109477724234791e-29
3.012955152361560392e-28
5.086790413520894903e-29
1.504753164099254158e-28
5.555162794035718038e-29
5.746196036995656965e-27
5.336763671855721980e-29
1.514050617896947943e-28
5.214384227723624254e-29
3.012649808513427969e-28
5.765594347267242034e-29
1.796434386780626242e-28
8.482248303094155991e-29
7.132006549429218418e-28
9.368282173147227924e-29
1.809439345540649166e-28
5.457768681309245845e-29
3.040237835575962059e-28
5.312901305928224283e-29
1.520653481442209520e-28
5.852167227497151714e-29
1.522258685199171178e-27
5.618482266968873212e-29
1.525999705815939669e-28
5.332040396598322049e-29
3.049997935647676311e-28
5.453285857731217522e-29
1.598285880326502241e-28
9.207402990464645768e-29
7.579127720364508486e-28
1.010059067292836807e-28
1.977957081244455874e-28
6.272121946396642649e-29
2.977668726685779878e-28
5.969219509252255078e-29
1.600153485195274708e-28
7.085214455750978678e-29
1.988202441582943455e-27
8.374671033409387943e-29
1.656622124099300377e-28
7.443268609764990797e-29
3.272534635916973602e-28
9.042151447434871059e-29
3.092086327120201799e-28
1.599799239774391395e-28
9.586938415020415795e-28
2.117899215687509048e-28
4.101003799274424250e-28
2.676962732450353591e-28
3.880368688453901709e-28
1.250854947480538085e-25
2.817636957718912343e-20
8.402473540268233607e-15
1.128239574107881489e-10
7.956482273210616794e-07
9.474264060207539294e-04
8.044750106154571201e-01
9.214219034543849052e-01
1.988447591686136491e+02
1.233624416884739503e+03
2.443167883358385552e+03
4.044382028990411072e+03
4.975136704865929460e+03
4.628987221922720892e+03
6.854552017854430233e+02
5.472301764308888927e+00
7.699830896447374648e-06
1.199088200034120612e-07
6.326534266780395421e-11
