2.359565924342694227e+06
6.130774564572495154e-11
1.082990281353334896e-07
7.307661050114720754e-06
5.015311404002769535e+00
6.416584625521923044e+02
4.302824651972490756e+03
5.241008564070090870e+03
4.131875805742966804e+03
2.574537004205184985e+03
1.158537393121860077e+03
2.024260204260395142e+02
1.019213719990681666e+00
8.794735379577794943e-01
1.019884278489130609e-03
8.669231924989997833e-07
1.225802027611310470e-10
8.842390006644883551e-15
2.818076745587344955e-20
1.182706399233623980e-25
4.149311749546577603e-28
2.783451488178247479e-28
4.104186535397616072e-28
2.286254991802560489e-28
9.754977043785091878e-28
1.779052215371248139e-28
3.373432327922505630e-28
9.212600831473110704e-29
3.263866516268133494e-28
7.586940534541461191e-29
1.710682389360498461e-28
8.860378590010094607e-29
2.002384758905013893e-27
6.594405547661113222e-29
1.621140431547370275e-28
6.721494475567584775e-29
3.023716271474239736e-28
6.292738293527646512e-29
1.866229731944371069e-28
8.829383755827539214e-29
7.519397965137636269e-28
8.071447861701271700e-29
1.606856197726445586e-28
5.425624287404107096e-29
3.043998952127515973e-28
5.203911225184640096e-29
1.565951311720253304e-28
6.008976894857925043e-29
1.524107438396804614e-27
5.549304155313451997e-29
1.543682257542448895e-28
5.304402607235571950e-29
3.038318150248023298e-28
5.726103241160662138e-29
1.766025455972581443e-28
9.314095455384221480e-29
7.036824752786244446e-28
8.657574298096407977e-29
1.885814333004874516e-28
5.682305474074788907e-29
3.001917140857769075e-28
5.073164559815847123e-29
1.495625639262889193e-28
5.546473608856266380e-29
5.674386075484476796e-27
5.312753599627147760e-29
1.507426921383556198e-28
5.163693004884026746e-29
3.001908929862952988e-28
5.638691634051852805e-29
1.794330102567221930e-28
8.368652846443960080e-29
7.036824752786244446e-28
9.156863913207660833e-29
1.788363026639993145e-28
5.472915464305153593e-29
3.038187321707478732e-28
5.277433123496224606e-29
1.506863461792546973e-28
5.861796101329135743e-29
1.524107438396804614e-27
5.658373889353859289e-29
1.539942778775125025e-28
5.263616092099522561e-29
3.043790945235707459e-28
5.429540046756959516e-29
1.600439171770126914e-28
8.774578239370287375e-29
7.519397965137636269e-28
1.034412701999606367e-28
1.973199713445371278e-28
6.318938046223709885e-29
3.023708571741677377e-28
6.062034891266036652e-29
1.575807897528063128e-28
6.823182703681651040e-29
2.002384758905013893e-27
8.542832100937781209e-29
1.692494254118890695e-28
7.659467529487434767e-29
3.264076496220338792e-28
9.117806379975356998e-29
3.334154316594168306e-28
1.699920794834627736e-28
9.754977043785091878e-28
2.256183595974536491e-28
4.095009860349991027e-28
2.711266556464440136e-28
4.149765348815193367e-28
1.183282733178846459e-25
2.818077751366072637e-20
8.842390003610750961e-15
1.225802027611310470e-10
8.669231924995120264e-07
1.019884278489126272e-03
8.794735379577792722e-01
1.019213719990681666e+00
2.024260204260395142e+02
1.158537393121860077e+03
2.574537004205185895e+03
4.131875805742966804e+03
5.241008564070092689e+03
4.302824651972489846e+03
6.416584625521923044e+02
5.015311404002769535e+00
7.307661050115555929e-06
1.082990281354328439e-07
6.130774564557037216e-11
