2.401293234303412959e+06
1.065131413181799466e-10
3.078823179035290544e-07
1.163485550055897835e-05
7.793901848815054656e+00
8.009958551893629419e+02
3.917092376427480758e+03
7.453430929136122359e+03
2.525420825395864995e+03
2.218032048584504537e+03
9.392406539954181426e+02
2.266477370431805980e+02
9.676754716884578000e-01
1.113030591726561269e+00
1.490583092065582774e-03
1.893233903561285102e-06
5.139949479639394105e-10
7.640249904576495713e-14
5.044367461962054080e-19
4.292786821744299557e-24
4.114663899413420136e-28
1.799470088969001121e-28
3.107609828642732529e-28
1.830331400800989673e-28
8.396085666474846499e-28
1.804557305849739934e-28
2.406181645425600290e-28
8.235638022639038579e-29
3.160624062332216049e-28
6.936115215919497264e-29
1.594135335971614104e-28
7.872730262551467682e-29
1.930415773245168339e-27
6.321001940708868508e-29
1.585098684926237233e-28
6.936662311121240965e-29
3.016204089521526863e-28
6.310956016667215351e-29
1.679215907327377383e-28
8.782083251374421107e-29
7.057774471448717798e-28
7.812817324110661243e-29
1.543836809165522553e-28
5.455943029511473968e-29
3.045059650851246450e-28
5.228167135924384841e-29
1.542185292578229241e-28
6.072182967944244981e-29
1.526791419792686568e-27
5.590545149111960737e-29
1.527870665702745341e-28
5.306840222144493549e-29
2.996806454867809891e-28
5.885989027003197905e-29
1.633354912616727216e-28
9.068939554226650458e-29
6.822836233137761588e-28
9.457490102598738140e-29
1.793202802066513486e-28
5.718732062453944254e-29
3.000840392239991847e-28
5.091833054971442015e-29
1.482228100949438975e-28
5.719426432128923559e-29
5.676789765588281037e-27
5.462173864577873697e-29
1.492553639583235038e-28
5.229418319376644026e-29
3.000464457601163168e-28
5.696823214423108390e-29
1.700091912499480767e-28
8.992519727729387733e-29
6.822836233137761588e-28
8.755830333922273569e-29
1.658020533069672578e-28
5.589723052790933628e-29
2.996783128633999808e-28
5.343766839071916186e-29
1.496841678228041883e-28
5.901489705655031761e-29
1.526791419792686568e-27
5.662269999322193435e-29
1.508214100231266034e-28
5.304223501887294702e-29
3.045022055793886876e-28
5.454658288008594155e-29
1.534841854055927293e-28
8.633478621048014741e-29
7.057774471448717798e-28
1.077062621202149150e-28
1.771086075514445046e-28
6.232502435240786028e-29
3.015957630591275414e-28
5.902762087179434569e-29
1.538590888538169336e-28
6.603392421751513802e-29
1.930415773245168339e-27
7.269948435626006300e-29
1.577335172971368006e-28
7.104802130287371824e-29
3.160966930305549684e-28
8.182122327558976424e-29
2.355000940505963625e-28
1.649178834684705972e-28
8.396085666474846499e-28
1.823807579514891532e-28
3.105119061651746960e-28
1.675000946452632113e-28
4.114322077720243611e-28
4.291877147705949606e-24
5.044373114213888787e-19
7.640249899401415452e-14
5.139949479639394105e-10
1.893233903562491912e-06
1.490583092065582991e-03
1.113030591726561269e+00
9.676754716884578000e-01
2.266477370431805980e+02
9.392406539954181426e+02
2.218032048584504537e+03
2.525420825395864995e+03
7.453430929136122359e+03
3.917092376427480758e+03
8.009958551893629419e+02
7.793901848815054656e+00
1.163485550056018960e-05
3.078823179035898819e-07
1.065131413176546869e-10
