2.348676826133208815e+06
5.945562284433885897e-11
9.672429921615142525e-08
6.831785460763572833e-06
4.692338656215179427e+00
6.271089408333543815e+02
4.121775739637316292e+03
5.408525802876361013e+03
4.284061582270754116e+03
2.462508665923921399e+03
1.106435380642655900e+03
2.085347880933903753e+02
1.204875093859826052e+00
1.064887432832781089e+00
1.236642607404192084e-03
1.067563955639084835e-06
1.513676955570278549e-10
1.052929914434961208e-14
3.108467720755187334e-20
1.193463327127005748e-25
4.384191081132999489e-28
2.995818392294186484e-28
4.799617122030533147e-28
2.212607779845105565e-28
1.003221679533446565e-27
1.885892565325019358e-28
3.540414789472899029e-28
9.207428725470746049e-29
3.271035924874696317e-28
7.623593538102025260e-29
1.712862008937095510e-28
9.138830506570856030e-29
1.993007142066964407e-27
6.465530696945517371e-29
1.642909203667248203e-28
6.825960401037485655e-29
3.002126115918832822e-28
6.366473376182994040e-29
1.847334089028695551e-28
9.077976924819962708e-29
7.478227837441954851e-28
8.326428826958982601e-29
1.596085509721491330e-28
5.445284894898766684e-29
3.054089076262273416e-28
5.188785744872402591e-29
1.572836783155425899e-28
6.083980766454384473e-29
1.516035128857379660e-27
5.570944881277530918e-29
1.561306731266852822e-28
5.231317619904212979e-29
3.027591709244589423e-28
5.842162888184483806e-29
1.800988613732015601e-28
9.418657661553200366e-29
7.100922309479453221e-28
9.208678961577292707e-29
1.908981681914580527e-28
5.534390809771863847e-29
2.995633377087351519e-28
5.074836286106780952e-29
1.487495942863575793e-28
5.512959624874323271e-29
5.640554682149951676e-27
5.250289950926554892e-29
1.496350270254504879e-28
5.240160282344186877e-29
2.995302369339399384e-28
5.516123147060427097e-29
1.812554111369738670e-28
9.017825226112689889e-29
7.100922309479453221e-28
9.415576541259388286e-29
1.823368012281656837e-28
5.545794585467401207e-29
3.027561697580409963e-28
5.238371954916174394e-29
1.526799086566958231e-28
5.837982107993370814e-29
1.516035128857379660e-27
5.704274777275701951e-29
1.545230013147922529e-28
5.259463897352565130e-29
3.053970488626853759e-28
5.427218792306877920e-29
1.590568315532674633e-28
8.850514498718216205e-29
7.478227837441954851e-28
1.051895488079041228e-28
1.944250039873137334e-28
6.395544657001222780e-29
3.002254322062464667e-28
6.137348299828547997e-29
1.597952389905136859e-28
6.746241703748612689e-29
1.993007142066964407e-27
8.803693637183768581e-29
1.696853331935058252e-28
7.792719404222918818e-29
3.270925835781276615e-28
9.137901915790901311e-29
3.503859470223640779e-28
1.793397254136884019e-28
1.003221679533446565e-27
2.191538956962332659e-28
4.792135942772672622e-28
2.908461325779703351e-28
4.384894921400566611e-28
1.193697522223353253e-25
3.108468479927587554e-20
1.052929915299092538e-14
1.513676955570278549e-10
1.067563955639439954e-06
1.236642607404189699e-03
1.064887432832780645e+00
1.204875093859826052e+00
2.085347880933903753e+02
1.106435380642655900e+03
2.462508665923921853e+03
4.284061582270754116e+03
5.408525802876361013e+03
4.121775739637316292e+03
6.271089408333543815e+02
4.692338656215179427e+00
6.831785460764374126e-06
9.672429921626073221e-08
5.945562284504289307e-11
