2.346668593246547040e+06
5.881492850998347549e-11
9.433990031150454975e-08
6.850649941521394414e-06
4.658072204242218461e+00
6.307267463807692138e+02
4.081746313455715153e+03
5.368438089031576055e+03
4.311591028460814414e+03
2.396696411942800296e+03
1.096356149734589962e+03
2.087725478567902542e+02
1.260737888184388478e+00
1.102737033645754705e+00
1.275743320156800783e-03
1.106203061081682013e-06
1.573720515763028040e-10
1.091547474968653329e-14
3.188209746468937681e-20
1.207848637616059727e-25
4.458032817286660459e-28
3.264965806144078324e-28
4.970431800067939320e-28
2.170775546399017076e-28
1.016871029959724519e-27
1.895160948660520351e-28
3.531775782645803675e-28
9.234040260583349702e-29
3.296428311753643348e-28
7.749342013263822629e-29
1.737140883942435234e-28
8.990851079582635360e-29
2.011133426567541650e-27
6.482957058568715770e-29
1.613052335636898662e-28
6.745193283574926497e-29
3.016214178126671539e-28
6.335777615618564397e-29
1.860395438153134542e-28
9.089397018037409559e-29
7.439793886501202703e-28
8.357677872948789552e-29
1.587864802057377742e-28
5.484303887329887712e-29
3.053099776225078530e-28
5.230390998571939672e-29
1.550360780177497353e-28
6.020107937048311385e-29
1.523888815223182361e-27
5.673882763339681897e-29
1.557309891799270013e-28
5.357293214069323238e-29
3.042568398389955578e-28
5.745100415764723755e-29
1.783688095689281047e-28
9.397107455261205452e-29
7.112884340517099296e-28
9.093155789300942180e-29
1.892844235286899808e-28
5.696540252757816560e-29
3.020742817251135159e-28
5.051881981603719838e-29
1.498521500048381021e-28
5.617234079275486891e-29
5.795754373629487653e-27
5.365113983301195887e-29
1.508302914587029827e-28
5.197231346271475335e-29
3.021005941540077603e-28
5.659744668554562376e-29
1.800264491514257873e-28
8.839943205978903027e-29
7.112884340517099296e-28
9.308459953673934208e-29
1.799451434880662521e-28
5.500968467855606492e-29
3.042563521397455921e-28
5.282639659336623355e-29
1.523208300693682740e-28
5.985473767553518420e-29
1.523888815223182361e-27
5.668272843903296063e-29
1.517270710880434949e-28
5.333878841597957145e-29
3.052901689919227591e-28
5.494919467500299385e-29
1.582488702186741602e-28
8.925406419981806736e-29
7.439793886501202703e-28
1.035615760811076611e-28
1.959521612666024080e-28
6.293324357109949410e-29
3.016165457599737686e-28
6.039382649376360486e-29
1.566723781815254213e-28
6.725596220906673354e-29
2.011133426567541650e-27
8.711022878660762217e-29
1.723190038860024757e-28
7.966479838130087963e-29
3.296635905242711374e-28
9.161449594880944697e-29
3.500790735868961944e-28
1.807913962977113515e-28
1.016871029959724519e-27
2.154478791432342417e-28
4.958559400456774531e-28
3.171092877268537667e-28
4.458913849076418524e-28
1.208292403010044709e-25
3.188210733635518705e-20
1.091547476086941443e-14
1.573720515763028040e-10
1.106203061081974239e-06
1.275743320156798614e-03
1.102737033645754483e+00
1.260737888184388478e+00
2.087725478567902542e+02
1.096356149734589962e+03
2.396696411942799841e+03
4.311591028460814414e+03
5.368438089031576055e+03
4.081746313455715153e+03
6.307267463807693275e+02
4.658072204242218461e+00
6.850649941522170296e-06
9.433990031160727897e-08
5.881492851077680632e-11
