2.340174058715241961e+06
5.653201140784153847e-11
8.754886119598646747e-08
6.751628014010633708e-06
4.445507956514210157e+00
6.301133650823371681e+02
4.002230854186544548e+03
5.269650621435413996e+03
4.540386665732007714e+03
2.273202115644703554e+03
1.109927600578725333e+03
2.112696741482575362e+02
1.435059732406188227e+00
1.216655035365034943e+00
1.383208012663112666e-03
1.203098238064400902e-06
1.711730836401914118e-10
1.176629237148610519e-14
3.363694466091441914e-20
1.235999616478258520e-25
4.574328625826696259e-28
3.368661475210760366e-28
5.249387502798401935e-28
2.157964203677885736e-28
1.010044256743583961e-27
1.916493013294269668e-28
3.578373655564875000e-28
9.179275623115886512e-29
3.256293449323027656e-28
7.607297894431650539e-29
1.735354169671579372e-28
8.926671492536081015e-29
1.964691503995470440e-27
6.385418699582795174e-29
1.623638247790080865e-28
6.687749864739125394e-29
3.005320860008705401e-28
6.460039899674970643e-29
1.842869008741273994e-28
8.893226913111167102e-29
7.534563746832815865e-28
8.431325957758745445e-29
1.596099037438045164e-28
5.430189813196231005e-29
3.052886328387620003e-28
5.213995498589911441e-29
1.555885180028711179e-28
5.907282465020978274e-29
1.538632957696886993e-27
5.598375655142444461e-29
1.558484420079483978e-28
5.244001779727978097e-29
3.032795643851766879e-28
5.772337782026266753e-29
1.747430558196952496e-28
9.421452657484464443e-29
7.063098558079631956e-28
8.910172533933595920e-29
1.859368234615355932e-28
5.581643122169975165e-29
2.983065682216314802e-28
5.089330876251413115e-29
1.492261853795933915e-28
5.573849881140494849e-29
5.710738187057170562e-27
5.332185013198272597e-29
1.507127648764005585e-28
5.257599595529350076e-29
2.983082182539537823e-28
5.571598548827684600e-29
1.762737556572814247e-28
8.722208031254753121e-29
7.063098558079631956e-28
9.251817499977996544e-29
1.767684767513844340e-28
5.490832440419634592e-29
3.032721204074717214e-28
5.230119690198496902e-29
1.519671936016432347e-28
5.860369038038145499e-29
1.538632957696886993e-27
5.573446118837939898e-29
1.528650120105194203e-28
5.279041174088690361e-29
3.053174001033601479e-28
5.449822099477639540e-29
1.588465167159637291e-28
9.035994369076786771e-29
7.534563746832815865e-28
1.018627440915891348e-28
1.936828327616604746e-28
6.397126478371338892e-29
3.005208579708743273e-28
6.000520592590679485e-29
1.584034647380629408e-28
6.646672182815663994e-29
1.964691503995470440e-27
8.605259620638458277e-29
1.720250073638387683e-28
7.819154828565219209e-29
3.256123922944099336e-28
9.090328033842520099e-29
3.562122497393200132e-28
1.841579474608940838e-28
1.010044256743583961e-27
2.125850097293283945e-28
5.242441625121336412e-28
3.318238066920324359e-28
4.574988034602045565e-28
1.236208154287361481e-25
3.363696110182711531e-20
1.176629238259538877e-14
1.711730836401914118e-10
1.203098238064676187e-06
1.383208012663110715e-03
1.216655035365034720e+00
1.435059732406188671e+00
2.112696741482575362e+02
1.109927600578725105e+03
2.273202115644703554e+03
4.540386665732007714e+03
5.269650621435415815e+03
4.002230854186545457e+03
6.301133650823371681e+02
4.445507956514210157e+00
6.751628014011449400e-06
8.754886119606684295e-08
5.653201140888017359e-11
