2.335653689720794559e+06
5.573753898599185853e-11
8.519377031217319982e-08
6.449137043001024510e-06
4.266168598194186146e+00
6.268050912727993591e+02
3.993304814272036765e+03
5.296488999999478438e+03
4.618849522087804871e+03
2.217328858060723178e+03
1.145403472299740315e+03
2.117464179963860147e+02
1.473084484392259252e+00
1.282000007917678319e+00
1.463236876261589468e-03
1.271305176398109023e-06
1.797020503556460633e-10
1.224671584365528591e-14
3.464076203602126814e-20
1.254962520093840872e-25
4.526547401441047091e-28
3.204559337918833104e-28
5.106786817846843718e-28
2.079139016886100235e-28
9.986972133226444188e-28
1.858042784113169011e-28
3.441217140518169986e-28
8.973941467300268823e-29
3.250246047983081585e-28
7.504419196320792451e-29
1.712059457411864225e-28
8.755943797479931576e-29
1.999332803127045878e-27
6.376271204247042173e-29
1.638353866090483122e-28
6.709217552817902875e-29
3.050078242123647706e-28
6.453651649109389241e-29
1.821413425248744277e-28
8.819064897629288858e-29
7.454613873860141549e-28
8.293113776285659031e-29
1.604440570363167184e-28
5.380566622218820745e-29
3.033370047665528852e-28
5.190490748558147375e-29
1.544792801239402430e-28
5.872518248333112537e-29
1.534781232599249106e-27
5.506158789133478029e-29
1.540581008966933270e-28
5.166355388293031035e-29
3.028455624965693640e-28
5.662074654596768653e-29
1.729226277144949850e-28
9.088291667789730428e-29
7.057619002256008110e-28
8.875124163828696947e-29
1.833622549738069181e-28
5.536384734433936567e-29
3.014988567777015112e-28
5.018591157504249643e-29
1.498369737541712051e-28
5.529068498208583868e-29
5.817569625831838937e-27
5.283308832198463786e-29
1.506197226256366372e-28
5.174531435361459883e-29
3.014936450598847605e-28
5.492538959517667133e-29
1.745034369941723881e-28
8.592112489049086855e-29
7.057619002256008110e-28
9.038336609574285556e-29
1.750085392339839835e-28
5.434303687984268126e-29
3.028670287690402742e-28
5.236806360156958660e-29
1.510258135101708321e-28
5.824837526563705659e-29
1.534781232599249106e-27
5.546309296454859882e-29
1.517722928781093690e-28
5.268763582802533401e-29
3.033729502608225035e-28
5.424932466249295796e-29
1.595228925142702068e-28
8.900079973090466347e-29
7.454613873860141549e-28
1.023157573669196672e-28
1.916848002953551619e-28
6.374312759969545442e-29
3.050466201478262908e-28
6.026993402861410866e-29
1.594080429654257468e-28
6.638345587174660037e-29
1.999332803127045878e-27
8.390313797950170424e-29
1.697514653380995257e-28
7.713681292630075644e-29
3.250292304928324292e-28
8.816599668622242163e-29
3.402155081816936680e-28
1.774619360223529195e-28
9.986972133226444188e-28
2.058158188196523137e-28
5.102323478105085746e-28
3.154531006791621693e-28
4.527286243560308901e-28
1.255095641498291722e-25
3.464077945249342898e-20
1.224671586027220069e-14
1.797020503556460633e-10
1.271305176398381556e-06
1.463236876261587082e-03
1.282000007917678097e+00
1.473084484392259252e+00
2.117464179963860715e+02
1.145403472299740315e+03
2.217328858060722723e+03
4.618849522087804871e+03
5.296488999999478438e+03
3.993304814272036765e+03
6.268050912727993591e+02
4.266168598194186146e+00
6.449137043001872390e-06
8.519377031224129333e-08
5.573753898721403727e-11
