2.333180158639602829e+06
5.507135648552879963e-11
8.429856069445053453e-08
6.282306332674315802e-06
4.199510567466539612e+00
6.317278542078296368e+02
4.004948820068787882e+03
5.332097080046821247e+03
4.634966819657032829e+03
2.234295082303682648e+03
1.178405984083632802e+03
2.147324989075936230e+02
1.515622710104811643e+00
1.327511442477999903e+00
1.518291285702532767e-03
1.318602430820905887e-06
1.854103531659755990e-10
1.253829789328706331e-14
3.515267051722638368e-20
1.262328866483429794e-25
4.509354537948151670e-28
3.136966582116963791e-28
5.114659214208395237e-28
2.079116722348771825e-28
1.002150886204560075e-27
1.826860322970178202e-28
3.317982264963180529e-28
8.861578608303863924e-29
3.268475680229938797e-28
7.429134392554995120e-29
1.702004696630445171e-28
8.569431563481026608e-29
1.992265385410505325e-27
6.382204274631513806e-29
1.620009345828992936e-28
6.615060538540596252e-29
3.003437992526382584e-28
6.427323179040153104e-29
1.829003082581482739e-28
8.754538106539644500e-29
7.388851894383079539e-28
8.280054202039772870e-29
1.585848119938172673e-28
5.430317407023148838e-29
3.033929540160312036e-28
5.143407039145051901e-29
1.553146527463603215e-28
5.924406947575742288e-29
1.523615106818263848e-27
5.520679891412291652e-29
1.553981148415320621e-28
5.265330630275504425e-29
3.037215737657383508e-28
5.766911180298348991e-29
1.748763251366159829e-28
8.983079975874644980e-29
7.089159932616949839e-28
8.992581898773579626e-29
1.861614157984449227e-28
5.622358637037853949e-29
2.975770566843827641e-28
5.023181641325024392e-29
1.489534398122219583e-28
5.564778909615985943e-29
5.789231952675779259e-27
5.313854930948563345e-29
1.502306977998902033e-28
5.210840941356489472e-29
2.975554225837508808e-28
5.614392653083950918e-29
1.759597661131893569e-28
8.654795938643519270e-29
7.089159932616949839e-28
9.018244814684383293e-29
1.775924929555254638e-28
5.421790543179966406e-29
3.037684561647363847e-28
5.225768441922346533e-29
1.512724597700334584e-28
5.786528173659168376e-29
1.523615106818263848e-27
5.561776511247319022e-29
1.520430577793464969e-28
5.228321997590176957e-29
3.034008673161832822e-28
5.422074053737408073e-29
1.579747704653296282e-28
8.918913936079922824e-29
7.388851894383079539e-28
1.018923295813533501e-28
1.922977687818482806e-28
6.370994545141639121e-29
3.003574425729004013e-28
5.883862766661227392e-29
1.578243127605918475e-28
6.726386707659106475e-29
1.992265385410505325e-27
8.294887051395973758e-29
1.684064057023028753e-28
7.616964945710429310e-29
3.268239306906260030e-28
8.757213679003334253e-29
3.289277008810274534e-28
1.742562549740423970e-28
1.002150886204560075e-27
2.051531026134059960e-28
5.104746607135337187e-28
3.086820639352021869e-28
4.510201490240165862e-28
1.262429983267252689e-25
3.515268807863268118e-20
1.253829790463795448e-14
1.854103531659755990e-10
1.318602430821223736e-06
1.518291285702532984e-03
1.327511442477999903e+00
1.515622710104811643e+00
2.147324989075936799e+02
1.178405984083632802e+03
2.234295082303682193e+03
4.634966819657032829e+03
5.332097080046822157e+03
4.004948820068788791e+03
6.317278542078295231e+02
4.199510567466539612e+00
6.282306332675226363e-06
8.429856069450856952e-08
5.507135648671522220e-11
