2.320756034561453387e+06
5.099440879721084585e-11
8.070996881362540118e-08
5.887235852267959054e-06
4.239968658199686935e+00
7.114082421583028690e+02
4.035744825179842792e+03
5.515427887945960720e+03
4.738566215171533258e+03
2.519230112011649453e+03
1.373690604233188878e+03
2.377183328433651184e+02
1.790691172173055179e+00
1.548977921314325545e+00
1.785859141165221757e-03
1.557546771303393286e-06
2.150459832883579381e-10
1.390141414005732382e-14
3.646131971835610595e-20
1.235834371161515067e-25
4.580659229164374950e-28
3.028756363026323197e-28
5.446107411906979871e-28
2.082312102139719134e-28
9.793765736892550691e-28
1.797569959143192116e-28
3.001175750829174901e-28
8.706703046533548259e-29
3.242395597824886635e-28
7.366824268883898826e-29
1.708491774536334251e-28
8.623715971585479291e-29
1.975966985777237263e-27
6.327019178309041465e-29
1.629469061115529410e-28
6.678227880645983234e-29
3.003708699356985616e-28
6.670623658498632146e-29
1.818195774385494517e-28
9.027066258917766446e-29
7.471441828155869147e-28
8.221489650134874938e-29
1.599518259371479215e-28
5.551984206358988941e-29
3.053088813130652605e-28
5.275100335842663247e-29
1.558448239270558447e-28
5.960674463758952195e-29
1.526622684593074318e-27
5.657328506009912287e-29
1.574309579274612718e-28
5.326996116137550185e-29
3.032769982999663708e-28
5.860352362697674163e-29
1.744908446354861410e-28
9.445083565233159214e-29
7.111336002566123779e-28
8.969836199312432382e-29
1.876983900557820225e-28
5.761520413727446640e-29
3.021928333606082884e-28
5.094811983664848510e-29
1.498171069755444894e-28
5.705458027528630209e-29
5.761944177083960200e-27
5.466620606079550463e-29
1.513573350819694566e-28
5.241434045903470163e-29
3.022163871212296872e-28
5.669196492238790125e-29
1.782449380873786445e-28
8.698413366701913948e-29
7.111336002566123779e-28
9.343916423896940429e-29
1.783616854606046543e-28
5.598301103435513854e-29
3.032004973073380433e-28
5.304136525083767177e-29
1.532461439818435681e-28
5.938771819659350167e-29
1.526622684593074318e-27
5.625449743827633647e-29
1.529754260192951781e-28
5.336457652292582016e-29
3.053420532408817687e-28
5.571437711515854037e-29
1.589610893633703436e-28
8.763877546493636404e-29
7.471441828155869147e-28
1.023613017495500253e-28
1.914366299054432519e-28
6.504424511224429884e-29
3.003883528851123188e-28
5.959756457682601486e-29
1.587503341893935933e-28
6.631434719134113362e-29
1.975966985777237263e-27
8.323710831347483091e-29
1.690831036836126131e-28
7.546014473343440740e-29
3.242659181620365241e-28
8.693891394569848402e-29
2.971901516384427966e-28
1.690645109938686255e-28
9.793765736892550691e-28
2.075282278204339636e-28
5.423387385615415216e-28
2.945756129705870810e-28
4.581777600632561731e-28
1.236141589435233707e-25
3.646134722166804636e-20
1.390141415539741043e-14
2.150459832883579381e-10
1.557546771303768733e-06
1.785859141165223275e-03
1.548977921314325989e+00
1.790691172173055623e+00
2.377183328433651468e+02
1.373690604233188878e+03
2.519230112011649908e+03
4.738566215171533258e+03
5.515427887945960720e+03
4.035744825179842792e+03
7.114082421583028690e+02
4.239968658199687823e+00
5.887235852268972105e-06
8.070996881366314708e-08
5.099440879853621537e-11
