2.317247420806626789e+06
4.972253338882924826e-11
7.941037702644520119e-08
5.897822168602513637e-06
4.343144010444969894e+00
7.377496282766766171e+02
4.037505392618561928e+03
5.551751229211306054e+03
4.766245716290515702e+03
2.566482674170784776e+03
1.429050896565681114e+03
2.432859732664761907e+02
1.852624197300006825e+00
1.605645493526050016e+00
1.855205212087929429e-03
1.615979458991426324e-06
2.216102033409023450e-10
1.411672354136778276e-14
3.620833518978088554e-20
1.202552937697741004e-25
4.566244726396603748e-28
2.984771516386276822e-28
5.572246378111368668e-28
2.048021908810388812e-28
9.650578029116844760e-28
1.797672479960323180e-28
3.003635653488626143e-28
8.791480423362921876e-29
3.272105283239386807e-28
7.371555031459320578e-29
1.710058032565587302e-28
8.681941921305913111e-29
2.010354785451319932e-27
6.324658719615149101e-29
1.626551114058531845e-28
6.794184579780507406e-29
3.020636373676854224e-28
6.870687540485537419e-29
1.813905959642704291e-28
9.071858892563588167e-29
7.326707173345625866e-28
8.427123975861075528e-29
1.602091764292693078e-28
5.554570055604465034e-29
3.082573340779596098e-28
5.398598034681986771e-29
1.572687568428863118e-28
6.071764554038107225e-29
1.533382796513292174e-27
5.685720496324625785e-29
1.580098785577566511e-28
5.340470862590571157e-29
3.043066077536495994e-28
5.911644092609713913e-29
1.740526978382862967e-28
9.229449943886653849e-29
7.141399470012948586e-28
9.124862546949664797e-29
1.862092227843600053e-28
5.860880565188564518e-29
2.983662644100474043e-28
5.100273747258988422e-29
1.505656708583608996e-28
5.679335746798591713e-29
5.956347381945232889e-27
5.419329503723082418e-29
1.516291653706341341e-28
5.242301584517540770e-29
2.983431215659150026e-28
5.836397553996256928e-29
1.761906805280742595e-28
8.654765876227152387e-29
7.141399470012948586e-28
9.063334032214703896e-29
1.781445678617957576e-28
5.707074195870811876e-29
3.043849881250720831e-28
5.305768710159040953e-29
1.538630741693663600e-28
5.934307948016078394e-29
1.533382796513292174e-27
5.678420043553986887e-29
1.544915854977132271e-28
5.476749807668238119e-29
3.082796383268694073e-28
5.560571077120043928e-29
1.599317463476984171e-28
8.984268037181790030e-29
7.326707173345625866e-28
1.029237725630593416e-28
1.910863759423467561e-28
6.708418778649426940e-29
3.020876175770355223e-28
6.092469985636916492e-29
1.588064357615509863e-28
6.625179669697510184e-29
2.010354785451319932e-27
8.418025643544368063e-29
1.690357382196193023e-28
7.537333726086772596e-29
3.272350230655887486e-28
8.743575137447908331e-29
2.977646794974458759e-28
1.684594864505777130e-28
9.650578029116844760e-28
2.038601746265908380e-28
5.551775272346562218e-28
2.900204508095261471e-28
4.566880914322465293e-28
1.202989465074087992e-25
3.620835752550021597e-20
1.411672356060663611e-14
2.216102033409023450e-10
1.615979458991741209e-06
1.855205212087930947e-03
1.605645493526049572e+00
1.852624197300006825e+00
2.432859732664762191e+02
1.429050896565681114e+03
2.566482674170784776e+03
4.766245716290515702e+03
5.551751229211306963e+03
4.037505392618562382e+03
7.377496282766767308e+02
4.343144010444969894e+00
5.897822168603477560e-06
7.941037702648037953e-08
4.972253339011711031e-11
