2.313692284464901313e+06
4.838509377672625115e-11
7.795826510929734379e-08
5.915860540731395992e-06
4.463509164387258643e+00
7.597898641925343100e+02
4.023486779742239378e+03
5.570350087841713503e+03
4.792725398983991909e+03
2.593585503292642443e+03
1.477499263655976392e+03
2.479038854461200287e+02
1.914883325486212540e+00
1.664499235709638425e+00
1.924134092182002136e-03
1.669888263735649152e-06
2.269333713918975975e-10
1.422764612034729510e-14
3.566345287255862058e-20
1.159267808837822134e-25
4.564355179347062262e-28
2.934427893955213678e-28
5.641388752392450369e-28
2.017230472637230157e-28
9.821150000159611282e-28
1.793902304583866486e-28
2.959070137265254220e-28
8.952823005892411655e-29
3.257199246915798724e-28
7.418058457338119510e-29
1.704701647708858364e-28
8.725529534492768483e-29
2.014819000207925626e-27
6.379058145025192495e-29
1.629675063064611483e-28
6.884195432324183160e-29
3.022358120545314023e-28
6.883631688468667141e-29
1.847172903622512718e-28
9.194190158428479567e-29
7.391539076931475656e-28
8.524567668519991989e-29
1.604728363227157571e-28
5.586516076972987093e-29
3.033419987975476135e-28
5.277495565555371210e-29
1.576402797547233973e-28
6.027312361393279508e-29
1.513310855011519882e-27
5.595646253588598156e-29
1.572155935541160057e-28
5.305096761988494511e-29
3.081497129064170939e-28
5.987476782240554223e-29
1.744129342221103817e-28
9.571318737787309424e-29
7.126670296853108048e-28
8.960485605475110096e-29
1.882920805915106158e-28
5.864262751466007601e-29
3.017463195046813978e-28
5.165295234022498732e-29
1.502920982149348638e-28
5.756272689436587029e-29
5.831979103370964982e-27
5.509545209912208370e-29
1.509944782640636059e-28
5.325764996281218703e-29
3.017332556552991719e-28
5.812689248105175699e-29
1.795796776898303705e-28
8.748631251540277511e-29
7.126670296853108048e-28
9.337522446918256543e-29
1.780222325188645826e-28
5.681956083814668210e-29
3.081469413407344336e-28
5.303137037670521738e-29
1.529199176586027039e-28
5.919601958644435843e-29
1.513310855011519882e-27
5.651002711056634449e-29
1.548912498919440198e-28
5.339626367655528992e-29
3.033758717554775472e-28
5.581333917639475693e-29
1.598797570133011122e-28
9.046117091922732255e-29
7.391539076931475656e-28
1.053758073656531564e-28
1.950398633144845564e-28
6.690548202177660265e-29
3.022220094790652568e-28
6.140849805620303782e-29
1.590682991618370124e-28
6.677354523695761979e-29
2.014819000207925626e-27
8.448753998350285111e-29
1.684941256219236732e-28
7.558475629299303602e-29
3.257357053420323150e-28
8.890379525645303007e-29
2.933377756218755748e-28
1.681173806256009234e-28
9.821150000159611282e-28
2.021248011363950073e-28
5.619572626345409748e-28
2.851732090069910719e-28
4.565111757761717737e-28
1.159687261118281670e-25
3.566347371831990147e-20
1.422764613970983869e-14
2.269333713918975975e-10
1.669888263735942014e-06
1.924134092182003221e-03
1.664499235709638869e+00
1.914883325486212540e+00
2.479038854461200287e+02
1.477499263655976392e+03
2.593585503292642443e+03
4.792725398983991909e+03
5.570350087841713503e+03
4.023486779742239378e+03
7.597898641925343100e+02
4.463509164387258643e+00
5.915860540732495440e-06
7.795826510932872371e-08
4.838509377787846204e-11
