2.310095275084232446e+06
4.699141616508369897e-11
7.667779805042033953e-08
5.929511141791750718e-06
4.584113836817484966e+00
7.759563835731605650e+02
4.012967756265634762e+03
5.581450951234881359e+03
4.819415247100694614e+03
2.599825204711746210e+03
1.520713973389714283e+03
2.517507970558802981e+02
1.976209415704768491e+00
1.720112583078690971e+00
1.984643612395727355e-03
1.713410628119656311e-06
2.304599285229715090e-10
1.421549526566435737e-14
3.483532077988066433e-20
1.107908676596250210e-25
4.616702830493922522e-28
2.944285366282044009e-28
5.669568892125363296e-28
1.969753254839038063e-28
9.846889483945110118e-28
1.768639897280287007e-28
2.916468623314104387e-28
8.919007528598376536e-29
3.271771005827569143e-28
7.460412265371081955e-29
1.721323163211260870e-28
8.605743259555467904e-29
2.004277684837737496e-27
6.449441497081735864e-29
1.631412300261378014e-28
6.743570841367530711e-29
3.035471085938713876e-28
6.925777879607378669e-29
1.859808701555918403e-28
9.224447102321322388e-29
7.393765569563819241e-28
8.273058908005303621e-29
1.603260755729378687e-28
5.638330016947345403e-29
3.061347964311445694e-28
5.330858964081898294e-29
1.565331686855645172e-28
6.047714566627507669e-29
1.534077243993499446e-27
5.673464025003661391e-29
1.573226665791150686e-28
5.393373693519807737e-29
3.084827460226956186e-28
5.983427819127051430e-29
1.750236161886617875e-28
9.514358180248129230e-29
7.136267744416846962e-28
9.035744755759048099e-29
1.865479442537508223e-28
5.935136456504997293e-29
3.034140443725048962e-28
5.199201185335225296e-29
1.491374693302164022e-28
5.864052276835657165e-29
5.806583628467512001e-27
5.616689197270910397e-29
1.506148250351092948e-28
5.342833532762983003e-29
3.034325702230125385e-28
5.930987600537765031e-29
1.767929813076832525e-28
8.837048711214976792e-29
7.136267744416846962e-28
9.345068296360932912e-29
1.778580360921123830e-28
5.711837232276525739e-29
3.085618149652967915e-28
5.428958216178406476e-29
1.528131103422318169e-28
5.977067339741479331e-29
1.534077243993499446e-27
5.677773947869327911e-29
1.538225115793218981e-28
5.418576329991651161e-29
3.061526968912284011e-28
5.623582695743352885e-29
1.603069293702925135e-28
8.851892227562650713e-29
7.393765569563819241e-28
1.038561023680705636e-28
1.962660016431403701e-28
6.742040578942456076e-29
3.035357480413117945e-28
6.055792164812036903e-29
1.590966287494588030e-28
6.735869040211418813e-29
2.004277684837737496e-27
8.317514354458197124e-29
1.700699590894746361e-28
7.598862829834848667e-29
3.271840977785572269e-28
8.878134719102718626e-29
2.888804262866280457e-28
1.657735855900921585e-28
9.846889483945110118e-28
1.975376285394884571e-28
5.644166860328095591e-28
2.858488973891109143e-28
4.617426038129282737e-28
1.108292302569852356e-25
3.483534352912858860e-20
1.421549529396332240e-14
2.304599285229715090e-10
1.713410628119957219e-06
1.984643612395728656e-03
1.720112583078690527e+00
1.976209415704768491e+00
2.517507970558803265e+02
1.520713973389714511e+03
2.599825204711745755e+03
4.819415247100694614e+03
5.581450951234881359e+03
4.012967756265634762e+03
7.759563835731605650e+02
4.584113836817484966e+00
5.929511141792805274e-06
7.667779805044593581e-08
4.699141616636408408e-11
