2.302812126242131460e+06
4.427639392259959897e-11
7.377521081695661184e-08
5.920909340623439045e-06
4.811881808164773844e+00
8.048225231403109774e+02
4.040723847079726511e+03
5.600566481525166637e+03
4.908613460846362614e+03
2.588485354111759989e+03
1.606875980567515626e+03
2.619600080750878988e+02
2.105623708629259294e+00
1.838684289128651006e+00
2.105478301046402254e-03
1.795128286738929187e-06
2.364098034981183780e-10
1.413254712812607293e-14
3.318924874085880493e-20
1.015198818335890152e-25
4.678223114984889957e-28
2.948200206850892909e-28
5.553045578305919421e-28
1.952938138714154813e-28
9.698547877653373745e-28
1.744022296056572181e-28
2.891475238213345301e-28
9.149791207954989839e-29
3.317812676709810001e-28
7.544424570406024050e-29
1.715903812104685379e-28
8.786151839163643428e-29
1.999004830055987700e-27
6.539716355047929424e-29
1.638583236582517937e-28
6.776509818940934840e-29
3.012073263182097195e-28
6.745561037796043976e-29
1.851795744055868403e-28
9.239233756626547227e-29
7.432466291803104139e-28
8.350758312807548513e-29
1.610659794188158844e-28
5.618821119472009425e-29
3.037617303055923646e-28
5.389304409324900909e-29
1.560087579372404855e-28
6.186168961751780990e-29
1.523478877131300196e-27
5.679985765991439364e-29
1.578338608920602314e-28
5.401379613015323686e-29
3.056407163695467628e-28
6.020937139610796535e-29
1.774225127892162561e-28
9.799198234547819735e-29
7.093826691174896917e-28
9.073578447871333071e-29
1.893068189086223701e-28
5.914411755749347101e-29
2.999787910829501740e-28
5.150051017452333422e-29
1.505449187103746300e-28
5.810698974444609887e-29
5.872146546489462255e-27
5.541140609905561532e-29
1.517423186853551267e-28
5.337976569349580490e-29
3.000080529709530913e-28
5.884509389157704556e-29
1.793370650300799918e-28
8.726531650087967180e-29
7.093826691174896917e-28
9.752246622187411276e-29
1.811083913936759602e-28
5.750115749039196323e-29
3.056361597819156151e-28
5.383183813052353772e-29
1.535202029457494332e-28
5.971772545045138643e-29
1.523478877131300196e-27
5.840276315496156239e-29
1.529697435833582010e-28
5.494948566892658155e-29
3.037701951470383104e-28
5.626628509073960799e-29
1.599061817282304962e-28
8.697524886406602762e-29
7.432466291803104139e-28
1.052766271264169029e-28
1.952136313303660764e-28
6.623491266252487374e-29
3.012356622488840737e-28
6.109715334311588356e-29
1.595250524276140297e-28
6.785480096993072789e-29
1.999004830055987700e-27
8.482856539662900507e-29
1.694052652316206759e-28
7.664737436985984119e-29
3.318152239631400574e-28
9.088956524912283083e-29
2.861314855972292793e-28
1.632437318626881833e-28
9.698547877653373745e-28
1.951086931868543208e-28
5.527583633979258392e-28
2.847977070962909419e-28
4.678693600830924883e-28
1.015557120279923516e-25
3.318927238103342331e-20
1.413254715895216964e-14
2.364098034981183780e-10
1.795128286739223955e-06
2.105478301046405289e-03
1.838684289128651450e+00
2.105623708629259294e+00
2.619600080750878988e+02
1.606875980567515626e+03
2.588485354111759989e+03
4.908613460846362614e+03
5.600566481525166637e+03
4.040723847079726511e+03
8.048225231403109774e+02
4.811881808164773844e+00
5.920909340624557976e-06
7.377521081697570979e-08
4.427639392378028943e-11
