2.295386987047370523e+06
4.249753382051318732e-11
7.128607771782067373e-08
5.892742146278051826e-06
4.963423180051186989e+00
8.268497344135686262e+02
4.084465367205422353e+03
5.584819208643414640e+03
5.027141109086595861e+03
2.568166844020311601e+03
1.701066892779513410e+03
2.768392483671237301e+02
2.227442951495725687e+00
1.947182112478414107e+00
2.210261318401214505e-03
1.862429005344054644e-06
2.410116588820437195e-10
1.405900166335541234e-14
3.201031782817588448e-20
9.551358039882396346e-26
4.700711048412890527e-28
2.934458974563270474e-28
5.521576115905740951e-28
1.898799780637180342e-28
9.811120122154965156e-28
1.744871551032181377e-28
2.932959834500692529e-28
9.547932983829950076e-29
3.340321753236400884e-28
7.556759659834952635e-29
1.726232383919743001e-28
8.720898886812448851e-29
2.050272239003624981e-27
6.458610020242363116e-29
1.665990464379157062e-28
6.881775868933996305e-29
3.055608487763418794e-28
6.767266561264535226e-29
1.807843233573349065e-28
9.131476643960395793e-29
7.488856694852266763e-28
8.396625464394973767e-29
1.646347256115175898e-28
5.695338043607484378e-29
3.077670847474524229e-28
5.341200997979633082e-29
1.567221956751333344e-28
6.075854020633640946e-29
1.541123957283798206e-27
5.759390839757713147e-29
1.570499012875088358e-28
5.443985993943333205e-29
3.066961883478731142e-28
5.944512086939896452e-29
1.780380664385784074e-28
9.984957652302061444e-29
7.105139829951229076e-28
9.110241431657180807e-29
1.881507885770836893e-28
5.968315182485657664e-29
3.013936698858116133e-28
5.221668541337665654e-29
1.502294140080087604e-28
5.947721846264472357e-29
5.904348707696868235e-27
5.687133676912504817e-29
1.518014341440740292e-28
5.400316913525207028e-29
3.013739831259441930e-28
5.909238603989245770e-29
1.792587057989690225e-28
8.779288006598223795e-29
7.105139829951229076e-28
9.961465404489752062e-29
1.821751531032343239e-28
5.701870717585018051e-29
3.067045331304012452e-28
5.378867436850275449e-29
1.527294862049286215e-28
6.050980666803778869e-29
1.541123957283798206e-27
5.720286137129260868e-29
1.538771234844769216e-28
5.414244890363520953e-29
3.077774694230295089e-28
5.703605354120204275e-29
1.634111768451927383e-28
8.849217242814137441e-29
7.488856694852266763e-28
1.046532258049623395e-28
1.917898826028007627e-28
6.699473860735005925e-29
3.055657507084739143e-28
6.197632833352744116e-29
1.624136491079415300e-28
6.742121019774206541e-29
2.050272239003624981e-27
8.414436455469024112e-29
1.703032129082922126e-28
7.635452016537280624e-29
3.340824436596682882e-28
9.418493889700070066e-29
2.900107490208541589e-28
1.632159558846067731e-28
9.811120122154965156e-28
1.895960903371353531e-28
5.494069295785559591e-28
2.830044905323389036e-28
4.702141015415612084e-28
9.553803727410370220e-26
3.201033462140621576e-20
1.405900169285615489e-14
2.410116588820437195e-10
1.862429005344332683e-06
2.210261318401215806e-03
1.947182112478414773e+00
2.227442951495725687e+00
2.768392483671237869e+02
1.701066892779513864e+03
2.568166844020311601e+03
5.027141109086595861e+03
5.584819208643416459e+03
4.084465367205422353e+03
8.268497344135686262e+02
4.963423180051187877e+00
5.892742146279116547e-06
7.128607771783652913e-08
4.249753382167743757e-11
