2.291587917879824527e+06
4.206078126039055651e-11
7.031233833544734436e-08
5.893409907256151045e-06
5.012422869229970601e+00
8.338923211979634971e+02
4.098019266742870059e+03
5.577068842426185256e+03
5.070508835402241857e+03
2.548673173191273236e+03
1.745927875668774732e+03
2.839898542946719999e+02
2.266800178102643670e+00
1.973220877850206501e+00
2.226657271825504755e-03
1.865252952327459938e-06
2.395009014369019846e-10
1.384380433023207406e-14
3.122482380043728478e-20
9.264788685145669289e-26
4.692530594881566373e-28
2.887921436862867028e-28
5.384169139037246770e-28
1.866522083796047737e-28
9.808429981970699348e-28
1.751620464304775142e-28
2.894653416329515156e-28
9.682454217047503604e-29
3.331134058554133038e-28
7.525976879829803681e-29
1.715552827096244462e-28
8.809391268321289805e-29
1.987211610380754216e-27
6.398729663315255281e-29
1.638458805592352064e-28
6.954847454183300875e-29
3.021638319553265665e-28
6.708037963664693400e-29
1.840791596468680409e-28
9.110816297208070322e-29
7.490923210149462145e-28
8.259041042625626868e-29
1.647092724477385174e-28
5.582559272686681717e-29
3.055160046696425708e-28
5.439851231363824179e-29
1.564999561875983819e-28
6.085440858361106739e-29
1.544526706441461149e-27
5.728866777409919883e-29
1.566701152212845982e-28
5.441895235138935847e-29
3.068043760061843247e-28
6.041769468746030345e-29
1.757154360318041836e-28
9.968419612573308317e-29
7.049492100990317604e-28
9.165107301500296796e-29
1.907967140148684034e-28
5.905332842561480162e-29
3.031044595858561120e-28
5.261946948272422891e-29
1.506512011167236191e-28
5.794284715490885832e-29
5.818602815698652811e-27
5.541031515392128622e-29
1.522596375304330766e-28
5.405437406600715282e-29
3.031151621609335909e-28
5.853562263619650877e-29
1.805198752123436766e-28
8.840933778994426316e-29
7.049492100990317604e-28
9.796317540286633888e-29
1.801897140286687413e-28
5.771667830678615849e-29
3.068857276486683408e-28
5.404728367527228767e-29
1.531290390516905357e-28
6.030868586888941439e-29
1.544526706441461149e-27
5.713688925738914872e-29
1.536505168720406937e-28
5.532053297454371439e-29
3.055048584711520209e-28
5.622059222181562960e-29
1.637455913118810479e-28
8.741670553351094223e-29
7.490923210149462145e-28
1.041152344919935463e-28
1.942065109051446654e-28
6.698244930711260317e-29
3.021463658433277323e-28
6.191212194442956280e-29
1.594489124056068558e-28
6.707287867110342509e-29
1.987211610380754216e-27
8.477281628693941423e-29
1.694489658395445408e-28
7.631235231490139193e-29
3.331440629651504729e-28
9.544817587084200176e-29
2.868922861435070289e-28
1.633128470438426254e-28
9.808429981970699348e-28
1.855861854881217398e-28
5.355927794671585968e-28
2.795930817258237005e-28
4.693755184201513376e-28
9.267204114492238478e-26
3.122484578325494184e-20
1.384380435979923870e-14
2.395009014369019846e-10
1.865252952327724212e-06
2.226657271825506924e-03
1.973220877850206501e+00
2.266800178102644114e+00
2.839898542946719999e+02
1.745927875668774732e+03
2.548673173191273236e+03
5.070508835402241857e+03
5.577068842426186166e+03
4.098019266742870059e+03
8.338923211979633834e+02
5.012422869229969713e+00
5.893409907257159014e-06
7.031233833545897783e-08
4.206078126143142114e-11
