2.245057581233190373e+06
3.598520335627942702e-11
6.252030762017924189e-08
5.894562616666626136e-06
5.294686231476236848e+00
1.020211988125787570e+03
4.463159800981593435e+03
5.093740986050967877e+03
4.825794144436264105e+03
1.825349510448666933e+03
2.468904573787502613e+03
3.856970774812422178e+02
2.695095905919839385e+00
2.356350960237796333e+00
2.629512581592839508e-03
2.106919576930764662e-06
2.613868354980718424e-10
1.491088232999400801e-14
3.341302147882521319e-20
9.439426170492963687e-26
4.900753340559683788e-28
2.845467027541524639e-28
5.724527474475175305e-28
1.840089885665889788e-28
1.038189060441966530e-27
2.012877134785470087e-28
2.858925050096437957e-28
9.381573708977672069e-29
3.434995077811566686e-28
7.078516024531801639e-29
1.692828717872297754e-28
9.563343974056376211e-29
2.030068885553372102e-27
6.555173471002762509e-29
1.690074717197557222e-28
6.809324272972775524e-29
3.039784534631389764e-28
6.804709716278839103e-29
1.831809300279966348e-28
9.391256382824650846e-29
7.799739180289807367e-28
8.153431641439185574e-29
1.656782409579786272e-28
5.582574605194243954e-29
3.078144685826727645e-28
5.301294161152511574e-29
1.590878418116469934e-28
6.011585093877751180e-29
1.541702740674841230e-27
5.689676521140041500e-29
1.604020597336117976e-28
5.411364400341522382e-29
3.040651221685820281e-28
6.144873419144595886e-29
1.834381716788288897e-28
9.493407363170695439e-29
7.227557124418126852e-28
8.852335975293663847e-29
1.948456402224427538e-28
5.968967353596713553e-29
2.992307375628345245e-28
5.241109821610107697e-29
1.519484742023245515e-28
5.683985535892315913e-29
5.937127920991664367e-27
5.463147314279392208e-29
1.536000040955076376e-28
5.405005868083382054e-29
2.992471404465561457e-28
5.878933662226806173e-29
1.850593748382965455e-28
8.504309347926210123e-29
7.227557124418126852e-28
9.291388137167325499e-29
1.876793567758028419e-28
5.772840459585369738e-29
3.040558651029367688e-28
5.367061115470747157e-29
1.559845712321255130e-28
5.979860825396203312e-29
1.541702740674841230e-27
5.687572491696690584e-29
1.565659706307734019e-28
5.378473376563819011e-29
3.078196147412132675e-28
5.615483358416578218e-29
1.663667912841784100e-28
8.722408712892119207e-29
7.799739180289807367e-28
1.069189753039580609e-28
1.929228292935622546e-28
6.756271580243358151e-29
3.040038938444908687e-28
6.191019507664938515e-29
1.644667426484056069e-28
6.774649420650915651e-29
2.030068885553372102e-27
9.257719414055100888e-29
1.668090359129941020e-28
7.190061153211534136e-29
3.435441053462285089e-28
9.324598755042361751e-29
2.827151773370781412e-28
1.903649472893705968e-28
1.038189060441966530e-27
1.806981486881057534e-28
5.687237479820840029e-28
2.796377200303262150e-28
4.901426213877939929e-28
9.441579850161264052e-26
3.341304147528036180e-20
1.491088235263019182e-14
2.613868354980718424e-10
2.106919576930787955e-06
2.629512581592844279e-03
2.356350960237796333e+00
2.695095905919839385e+00
3.856970774812422178e+02
2.468904573787502613e+03
1.825349510448666933e+03
4.825794144436264105e+03
5.093740986050967877e+03
4.463159800981593435e+03
1.020211988125787570e+03
5.294686231476236848e+00
5.894562616667252094e-06
6.252030762021284527e-08
3.598520335647595350e-11
