2.232580071745648514e+06
3.310565527195148019e-11
5.879908209434174447e-08
5.712268132421548337e-06
5.185201801354161866e+00
1.050850979644554172e+03
4.524355170403609009e+03
5.166688476214622824e+03
4.720147606576384533e+03
1.793949386484201568e+03
2.567532913602091867e+03
4.055448666901023671e+02
2.888740657457999461e+00
2.638883336340209773e+00
3.031755629769756002e-03
2.450432126363484008e-06
3.087951567401313605e-10
1.773605482842999074e-14
3.946350683130927218e-20
1.121099931910396001e-25
5.627134322956474161e-28
2.840145117824078969e-28
6.270295277075243511e-28
1.890316571344308594e-28
1.045362405416023108e-27
2.167427480034640178e-28
2.887018925231290872e-28
9.340741854990674030e-29
3.465302665700087706e-28
7.138584713768550263e-29
1.718412171962139188e-28
1.006822383633248117e-28
2.024674609920473600e-27
6.798648192823873721e-29
1.695064284499335844e-28
6.945246642260534625e-29
3.031005092116247252e-28
6.727804666481570333e-29
1.854541703065466649e-28
9.648581710655518932e-29
7.662068640341494344e-28
8.263518838247491539e-29
1.686634254069898810e-28
5.699117561694711953e-29
3.106424910055778265e-28
5.377265307927081253e-29
1.614280490225619519e-28
6.064628908813451910e-29
1.538413659650266639e-27
5.744585794100818273e-29
1.617786347303986632e-28
5.479284907794970656e-29
3.057027267439235399e-28
6.147725280705859563e-29
1.835843522622038926e-28
9.609283111564115276e-29
7.188187353321400047e-28
8.860954188184858550e-29
1.924955351202996788e-28
6.050166752772569906e-29
2.992628042927037182e-28
5.208552578854217016e-29
1.527749725078168692e-28
5.723387142454600020e-29
5.964658009819883259e-27
5.513601484212605300e-29
1.546266191401366388e-28
5.321044155881393782e-29
2.992566958975348888e-28
5.947537762294593606e-29
1.809677262312599666e-28
8.493703414024984073e-29
7.188187353321400047e-28
9.631824731315436283e-29
1.867011695706208678e-28
5.853484185084921476e-29
3.057076698921050304e-28
5.469481335840966844e-29
1.575524992761032935e-28
5.969860089366917177e-29
1.538413659650266639e-27
5.721801726385389267e-29
1.579395325426013878e-28
5.453705771387557670e-29
3.106459735637629277e-28
5.724302932026946717e-29
1.670291186729111062e-28
8.724905881218117312e-29
7.662068640341494344e-28
1.112598459198500525e-28
1.951995031924835244e-28
6.665857601572144186e-29
3.031350053352003933e-28
6.259030771804939504e-29
1.642037363244109067e-28
6.982239349687474386e-29
2.024674609920473600e-27
9.797280950825181300e-29
1.687244927697329982e-28
7.260549903798085142e-29
3.465505208869105108e-28
9.269780041181748280e-29
2.855313168062381659e-28
2.047593301059218694e-28
1.045362405416023108e-27
1.852621149229112920e-28
6.253418245239498457e-28
2.766453418114912709e-28
5.628100673279090283e-28
1.121420472210169716e-25
3.946349878408183948e-20
1.773605485519191709e-14
3.087951567401313605e-10
2.450432126363468762e-06
3.031755629769761640e-03
2.638883336340210661e+00
2.888740657457999461e+00
4.055448666901024239e+02
2.567532913602091867e+03
1.793949386484202023e+03
4.720147606576384533e+03
5.166688476214623734e+03
4.524355170403609009e+03
1.050850979644554627e+03
5.185201801354160978e+00
5.712268132422251374e-06
5.879908209437226413e-08
3.310565527245538828e-11
