2.403347048423486296e+06
1.161837865919811186e-10
3.515717890062042471e-07
1.122302568241935557e-05
8.129321026137290573e+00
8.258816686346866618e+02
3.785228030135671816e+03
7.190453141208110537e+03
2.794854486258255747e+03
2.164005069005577752e+03
9.530916345543057560e+02
2.471836582644627356e+02
1.104959319662728090e+00
1.361053361245974536e+00
1.947769274490827440e-03
2.709018556964558131e-06
7.879121543727838960e-10
1.241784638215783494e-13
8.682043251824326528e-19
7.821837594609856757e-24
4.791378545345769017e-28
2.204544632665606478e-28
3.602681226434804807e-28
2.312484841332995084e-28
9.144287405918358473e-28
2.204489976454733744e-28
2.598914434089269570e-28
1.019814323871122547e-28
3.391343360577307141e-28
9.387734712667264148e-29
1.808988164043881607e-28
9.884832410514176181e-29
2.052613769691662464e-27
8.672598342383443774e-29
1.829503829126194877e-28
1.002607172425836482e-28
3.215902807150112327e-28
8.933817837572465748e-29
2.005511630488570731e-28
1.268921302832145654e-28
7.567289907046598634e-28
1.155740945414079436e-28
1.800887350934598239e-28
7.954460774762746520e-29
3.222428454635516924e-28
7.551328534702702329e-29
1.778914751098655715e-28
9.042386611093618236e-29
1.550637485702783369e-27
8.027778531730152991e-29
1.760393844018961841e-28
7.567841771787189496e-29
3.177458315570383886e-28
8.975736482306774640e-29
1.984948860476263498e-28
1.347788593091749659e-28
7.313568747212898010e-28
1.542678029541376061e-28
2.370923511121342714e-28
8.811626826921492316e-29
3.154101476522194143e-28
7.477629756457416774e-29
1.690602514866298155e-28
8.712402604426768338e-29
5.994482003836847261e-27
8.442283871226452179e-29
1.706600032510124531e-28
7.679553975489236516e-29
3.153749465826921178e-28
8.801571152837448677e-29
2.239589393927127190e-28
1.526705771599067511e-28
7.313568747212898010e-28
1.357779770565272867e-28
2.016595235210090799e-28
8.386777306151266483e-29
3.177845741111618234e-28
7.697009247383388214e-29
1.719372717205198214e-28
8.333361701359699354e-29
1.550637485702783369e-27
8.526994872117007504e-29
1.743869913517324842e-28
7.664770358260007212e-29
3.222725141763840149e-28
8.011357480416227449e-29
1.793435445574221553e-28
1.285636725531687383e-28
7.567289907046598634e-28
1.491865968794853023e-28
2.113645755768890277e-28
8.862240370025058441e-29
3.215975375875184198e-28
8.675344816716345690e-29
1.777987233218230900e-28
9.044071165283978890e-29
2.052613769691662464e-27
9.357265796913386321e-29
1.792061556192158717e-28
9.716090881578101888e-29
3.392066572845565902e-28
1.007504250651939915e-28
2.555262973787237131e-28
2.010569364641317865e-28
9.144287405918358473e-28
2.332381324840573361e-28
3.600267718793554938e-28
2.053947008892350925e-28
4.791056630530083261e-28
7.820725867560532762e-24
8.682051454252309819e-19
1.241784637781582335e-13
7.879121543727838960e-10
2.709018556966156905e-06
1.947769274490828957e-03
1.361053361245974536e+00
1.104959319662728090e+00
2.471836582644627924e+02
9.530916345543057560e+02
2.164005069005577752e+03
2.794854486258255747e+03
7.190453141208110537e+03
3.785228030135670906e+03
8.258816686346866618e+02
8.129321026137288797e+00
1.122302568241942334e-05
3.515717890062543279e-07
1.161837865903323796e-10
