2.402937270674231928e+06
1.143763386420753784e-10
3.441333793229564312e-07
1.132007699725006756e-05
8.118216148209105754e+00
8.266523197158975336e+02
3.813633655653706683e+03
7.260331194157681239e+03
2.764090496776072541e+03
2.193001528072103156e+03
9.484718629157754322e+02
2.425713655851586736e+02
1.075563035236968723e+00
1.315188891878462218e+00
1.861632691917211894e-03
2.551468161868534524e-06
7.338853799084057031e-10
1.145356738019205290e-13
7.929556266249925425e-19
7.073944174172868310e-24
4.495073858468915985e-28
1.947689314510039315e-28
3.302505392617871128e-28
2.027499835187958712e-28
8.768164618165670006e-28
1.805891896995060988e-28
2.408513133063825753e-28
8.213802978666873070e-29
3.197102602404096280e-28
7.432662485972187703e-29
1.629754253185071286e-28
7.869656977253195864e-29
1.946789199049208051e-27
6.305509911638426789e-29
1.624014644725607400e-28
7.666790670028438323e-29
3.023069773372616210e-28
6.651261903623652689e-29
1.720637332147248590e-28
9.345328315938261075e-29
7.263602197097952986e-28
8.316261571563106210e-29
1.574830094528843767e-28
5.673338207461789074e-29
3.034053951367534510e-28
5.412988140892977626e-29
1.580814365585655498e-28
6.397587481245931279e-29
1.530528067431404154e-27
5.797661282745055951e-29
1.529890879344694556e-28
5.383088781645669450e-29
3.033021049498511868e-28
6.241845912656601446e-29
1.664943201270555479e-28
9.166123152276158657e-29
6.834985303600980528e-28
9.480876564238748202e-29
1.788917358112058684e-28
5.843691676589038842e-29
2.994391682221435804e-28
5.154274634262305812e-29
1.481361293552575454e-28
5.903692606315044768e-29
5.719901756255149504e-27
5.654016912091406551e-29
1.492631808915967913e-28
5.335282144449193793e-29
2.994164916051758963e-28
5.813078969362696620e-29
1.705304051495702229e-28
9.308559247193564928e-29
6.834985303600980528e-28
8.930647079094667928e-29
1.684970805155967035e-28
5.784006802089912257e-29
3.032754871609543784e-28
5.442886141742276888e-29
1.501474015415567421e-28
6.077953089293003922e-29
1.530528067431404154e-27
5.922970829977299425e-29
1.544332994736229584e-28
5.513463905580992929e-29
3.034022402890240291e-28
5.711387514150669756e-29
1.568552755143492475e-28
9.403916097727059215e-29
7.263602197097952986e-28
1.121550538091380929e-28
1.810220436373660106e-28
6.504640481594896129e-29
3.023043903295365697e-28
6.398147771418280465e-29
1.576827502435921686e-28
6.661325249235182382e-29
1.946789199049208051e-27
7.308957586874939414e-29
1.610818494208389252e-28
7.698017544057882596e-29
3.197944084061629251e-28
8.100718853734278298e-29
2.352417430968966801e-28
1.628553001649325516e-28
8.768164618165670006e-28
2.023462864986288418e-28
3.301106486437866636e-28
1.799489672436309818e-28
4.494636197027997720e-28
7.072843764798795454e-24
7.929564028272644475e-19
1.145356737707031699e-13
7.338853799084057031e-10
2.551468161870104499e-06
1.861632691917216231e-03
1.315188891878462218e+00
1.075563035236968723e+00
2.425713655851587021e+02
9.484718629157754322e+02
2.193001528072103156e+03
2.764090496776072541e+03
7.260331194157681239e+03
3.813633655653706683e+03
8.266523197158975336e+02
8.118216148209103977e+00
1.132007699725034878e-05
3.441333793230011122e-07
1.143763386406274893e-10
