2.396891709096745588e+06
9.195021043608210468e-11
2.351125571198044494e-07
1.116750243537741655e-05
6.361440528948151929e+00
5.634961419738444874e+02
3.875815555496800243e+03
6.440011357985461473e+03
2.314295740206683149e+03
1.845574996664419359e+03
1.185071489959864039e+03
2.031613600980472540e+02
8.345900156901226996e-01
8.895705236674905647e-01
1.121672633258456297e-03
1.073982717512839587e-06
2.268857306005262052e-10
2.725771507695965750e-14
1.480584491680784598e-19
1.064890615893364307e-24
3.603041409762107666e-28
1.794396831107661603e-28
3.268774725541711132e-28
1.686360764394551465e-28
7.990238293135494470e-28
1.539752450139291830e-28
2.394888004118462508e-28
7.284908060282206413e-29
3.147944167673636140e-28
6.217190352368714595e-29
1.570657590464947688e-28
7.130110254790186070e-29
1.956630977440802843e-27
5.745743223765804343e-29
1.554977484648228613e-28
6.198416796136564091e-29
2.966267353998045976e-28
5.894877399385988744e-29
1.703311800997253757e-28
7.981219052937801315e-29
6.947635965093787786e-28
7.167418559850280876e-29
1.551331984142006668e-28
5.136120182792371267e-29
2.997452858576672042e-28
4.987311304325428543e-29
1.507207880316905346e-28
5.728374322409582110e-29
1.526029402157605939e-27
5.308231902562627957e-29
1.511664637232070838e-28
5.041993607559521766e-29
3.005995784079965661e-28
5.381654286988635172e-29
1.652580472002238674e-28
8.186302005748580892e-29
6.749659831917910705e-28
8.618600399198729331e-29
1.778591557373796248e-28
5.334622426666434705e-29
2.947422813494709803e-28
4.851074221287943494e-29
1.462422727051291995e-28
5.359574448208812980e-29
5.801702331520106832e-27
5.148552009519813633e-29
1.478243879979179456e-28
5.009212515787781094e-29
2.947180247670955787e-28
5.315295984264383368e-29
1.678386004146994225e-28
8.148974906265498480e-29
6.749659831917910705e-28
8.080504376843564229e-29
1.685699552694178036e-28
5.143572337505933262e-29
3.005971924221706976e-28
5.056401017606392976e-29
1.470904741906882932e-28
5.633579011234672805e-29
1.526029402157605939e-27
5.345715222520673670e-29
1.477444624306038793e-28
5.027255140108274604e-29
2.997511586512867478e-28
5.146923921977368312e-29
1.550599800136610926e-28
7.735052988588526309e-29
6.947635965093787786e-28
9.824568093185227640e-29
1.795888901511955197e-28
5.779887779255847843e-29
2.966301831306324475e-28
5.440825873451953015e-29
1.514533669517217556e-28
6.010890901838821242e-29
1.956630977440802843e-27
6.643755820780409663e-29
1.558304291784777948e-28
6.373111266967357988e-29
3.148536225821992543e-28
7.161071167703486082e-29
2.354903477975649920e-28
1.428510251117513324e-28
7.990238293135494470e-28
1.659984315836439965e-28
3.269053248989612293e-28
1.695957848701841866e-28
3.602871617640506299e-28
1.064464552349434045e-24
1.480587010059085428e-19
2.725771503262571880e-14
2.268857306005262052e-10
1.073982717513558930e-06
1.121672633258454128e-03
8.895705236674905647e-01
8.345900156901226996e-01
2.031613600980473393e+02
1.185071489959864039e+03
1.845574996664419587e+03
2.314295740206683149e+03
6.440011357985461473e+03
3.875815555496801153e+03
5.634961419738444874e+02
6.361440528948151929e+00
1.116750243537920210e-05
2.351125571199371159e-07
9.195021043504852958e-11
