2.397173318699705414e+06
8.947286063295093926e-11
2.323287046622956441e-07
1.118761719127593246e-05
6.308841889990396190e+00
5.525353725374320675e+02
3.811660935603788403e+03
6.386286803846001021e+03
2.317153786162127290e+03
1.832222996741714269e+03
1.214976033115383188e+03
2.066882074325423844e+02
8.440999915669230580e-01
8.921300584627849251e-01
1.126302648423595232e-03
1.059064774301403401e-06
2.192582243594192656e-10
2.587208780688162565e-14
1.381764428936253910e-19
9.789972500372086995e-25
3.558423156418591099e-28
1.790438674273741944e-28
3.254213959553903907e-28
1.652330656211088696e-28
8.007403048915415290e-28
1.524970866663934706e-28
2.413568522336427651e-28
7.101758148927487817e-29
3.141872979805297961e-28
6.323928996882606861e-29
1.583318498564912376e-28
7.241025968001652070e-29
1.912685512700471006e-27
5.600323206063219821e-29
1.567027006101722252e-28
6.273764667716971611e-29
3.003625864774184243e-28
5.794801555749433983e-29
1.706446251327341861e-28
8.159971424506098934e-29
6.964642650407960571e-28
7.169390229967511852e-29
1.562699657006556207e-28
5.115059025557160501e-29
2.997386198455920653e-28
4.986364105897362480e-29
1.529896004049783896e-28
5.786098834418429422e-29
1.530116114437522438e-27
5.337972291362525543e-29
1.503155047373398815e-28
5.001441904535570318e-29
2.974761156775425388e-28
5.445299029683988828e-29
1.665670179317233857e-28
8.228018926888160024e-29
6.682213642294049891e-28
8.468135954044463187e-29
1.770512981243728160e-28
5.343393173328513178e-29
2.975076896859756469e-28
4.916259355478709529e-29
1.466558733574835314e-28
5.418232194758590399e-29
5.674676230626917612e-27
5.166933903710268081e-29
1.476907034142537668e-28
5.042420125781164611e-29
2.974842324872340341e-28
5.325639854420908408e-29
1.686643072915196542e-28
8.147799461177812478e-29
6.682213642294049891e-28
8.164121210939312951e-29
1.699199762690851685e-28
5.199594854308631550e-29
2.974388459418525511e-28
5.012947935501702862e-29
1.469102701891146019e-28
5.666570813840984472e-29
1.530116114437522438e-27
5.382450812670396712e-29
1.504817302267270590e-28
5.042469085683862591e-29
2.997349916235401703e-28
5.161426307127845682e-29
1.560657282953732806e-28
7.826150779538917150e-29
6.964642650407960571e-28
9.880114724715496814e-29
1.808132159533789147e-28
5.667696459153148928e-29
3.003771493027474809e-28
5.485549392557051830e-29
1.525883755746464171e-28
5.886540332797231867e-29
1.912685512700471006e-27
6.787255663392713056e-29
1.568434894210634582e-28
6.447914876752948906e-29
3.142379870195487919e-28
7.013145424760275661e-29
2.377069262607619972e-28
1.416666836465626156e-28
8.007403048915415290e-28
1.630983821184286922e-28
3.257311566845590803e-28
1.691276973548741692e-28
3.558486988061124004e-28
9.786451640707669710e-25
1.381766735855582455e-19
2.587208776561398929e-14
2.192582243594192656e-10
1.059064774302124862e-06
1.126302648423591979e-03
8.921300584627849251e-01
8.440999915669232800e-01
2.066882074325424412e+02
1.214976033115383416e+03
1.832222996741714724e+03
2.317153786162127290e+03
6.386286803846001021e+03
3.811660935603788403e+03
5.525353725374321812e+02
6.308841889990396190e+00
1.118761719127772817e-05
2.323287046624237314e-07
8.947286063172881868e-11
