2.398301996366077568e+06
8.389788582108826216e-11
2.178049279884058534e-07
1.064342185336294430e-05
5.966062059573065568e+00
5.218124104208467315e+02
3.717569897495485748e+03
6.198125661630169816e+03
2.410669213404844868e+03
1.931786879907991533e+03
1.312333222048942389e+03
2.197533234145813310e+02
8.930837331768538556e-01
8.856743599348695373e-01
1.125872461245611134e-03
9.878506638339392648e-07
1.867017366414679985e-10
2.026653880449935966e-14
9.980957022296253102e-20
6.534031874007546576e-25
3.587676131351886316e-28
1.810857498692495133e-28
3.244062368816110242e-28
1.580844295353582446e-28
7.834368661428063848e-28
1.516948203111805366e-28
2.403484037441703689e-28
7.053838595669612296e-29
3.155899369018619858e-28
6.405911350819162218e-29
1.581067003084502901e-28
7.516701773454782024e-29
1.924564399842063322e-27
5.774663602749558883e-29
1.579875188244578125e-28
6.356078946449333241e-29
2.967455593563905236e-28
5.913315109589745386e-29
1.712217289061766306e-28
8.552915872061418004e-29
7.000448982749719849e-28
7.182218304779607112e-29
1.553199721523489301e-28
5.138050141129082403e-29
2.986278264975741626e-28
4.962311086503018185e-29
1.532072493574654934e-28
5.922873699940079067e-29
1.509381788282571054e-27
5.318464118486197632e-29
1.512599969356145973e-28
5.030936694421571031e-29
2.945571522409228039e-28
5.409705663659460192e-29
1.683255601165422348e-28
8.443077959370319085e-29
6.810147049761285667e-28
8.811345237057368010e-29
1.779965689951863824e-28
5.381074756497589001e-29
2.977437933496824958e-28
4.911252890691264606e-29
1.456715590664419106e-28
5.358214236144660807e-29
5.624285134592867077e-27
5.147262142070488652e-29
1.465451190258074428e-28
5.048242098450467145e-29
2.977212965912322420e-28
5.382546232034615546e-29
1.695363874471428132e-28
8.312758737899959295e-29
6.810147049761285667e-28
8.297046925661454522e-29
1.716659883314642567e-28
5.218089218117249936e-29
2.945667459648108333e-28
5.051672904479776589e-29
1.476382772634578493e-28
5.695551225264408930e-29
1.509381788282571054e-27
5.535281182694608523e-29
1.505722712435656370e-28
5.014239863767775931e-29
2.986003137062521297e-28
5.174237008172613851e-29
1.554353606840874368e-28
7.885503841095203709e-29
7.000448982749719849e-28
1.025763690961259152e-28
1.791910976674930913e-28
5.813574030803276975e-29
2.967723955614752053e-28
5.578508099913720852e-29
1.540482941699794856e-28
6.022354892338988247e-29
1.924564399842063322e-27
7.042084043114892202e-29
1.566291188028762242e-28
6.584512211565541311e-29
3.156439446170199240e-28
6.981306998154802511e-29
2.362368471460940667e-28
1.429591458402029480e-28
7.834368661428063848e-28
1.548240136551158085e-28
3.239385384294651190e-28
1.708194772046409995e-28
3.587347422442850263e-28
6.532194078974858183e-25
9.980972239219155223e-20
2.026653877464142563e-14
1.867017366414679985e-10
9.878506638346931242e-07
1.125872461245606797e-03
8.856743599348695373e-01
8.930837331768539666e-01
2.197533234145813879e+02
1.312333222048942162e+03
1.931786879907991533e+03
2.410669213404844868e+03
6.198125661630171635e+03
3.717569897495485748e+03
5.218124104208467315e+02
5.966062059573065568e+00
1.064342185336468918e-05
2.178049279885157295e-07
8.389788581981516657e-11
