2.402269721942255739e+06
1.111720022286257497e-10
3.290902855252298499e-07
1.151650075059989684e-05
8.031761397720028839e+00
8.222400576428586874e+02
3.847527503202553362e+03
7.350158988457994383e+03
2.678351117938846983e+03
2.229247181431506760e+03
9.433442881228687611e+02
2.349826000834047761e+02
1.021598122394864472e+00
1.223486270140477394e+00
1.694593610921072508e-03
2.256985839917558323e-06
6.352843273790874907e-10
9.728151063016433949e-14
6.607616279108548854e-19
5.782665261840078393e-24
4.337834665003563821e-28
1.857791920886284170e-28
3.207719402311007466e-28
1.938577001882848972e-28
8.701285789326811733e-28
1.766215756646429984e-28
2.326643479549659448e-28
8.232921226122042950e-29
3.180032570655580436e-28
7.087839683667524151e-29
1.599570983712628921e-28
7.748405827837242103e-29
1.936195444354012743e-27
6.281102772332623982e-29
1.599584054668211571e-28
7.154714514828637742e-29
3.010577576362655496e-28
6.462024145312765097e-29
1.683526414667026228e-28
9.020525636851121981e-29
7.151970145362339704e-28
8.106201987676432697e-29
1.548164223941923101e-28
5.440575478856721376e-29
3.031187619378146025e-28
5.341068580687555570e-29
1.541732738032629349e-28
6.108123972171431563e-29
1.520547689506533691e-27
5.594738202907859727e-29
1.523616723134333294e-28
5.284322210018957607e-29
2.997184047744825715e-28
5.768067620941150885e-29
1.641841537029107393e-28
8.958084349307055974e-29
6.858732514403930450e-28
9.536260386250501186e-29
1.756662991956433140e-28
5.798243157941694223e-29
2.985581941098497238e-28
5.123870311469696827e-29
1.462880451572188390e-28
5.793463887690959617e-29
5.815273021713336988e-27
5.552430120461604006e-29
1.468786626972638613e-28
5.292353913014690978e-29
2.985430539903436166e-28
5.740894127572272203e-29
1.670141826067587766e-28
8.993320795122409293e-29
6.858732514403930450e-28
8.742191699509366583e-29
1.659867328969146540e-28
5.523988316507183159e-29
2.997445438287333867e-28
5.342409904874735463e-29
1.500776024140433234e-28
5.939393775753819104e-29
1.520547689506533691e-27
5.720081048595147606e-29
1.507053543793272863e-28
5.414521845496668564e-29
3.031107230995330094e-28
5.466561604315596553e-29
1.543756290346939831e-28
9.098276973252100008e-29
7.151970145362339704e-28
1.124023920475077655e-28
1.777372043086656331e-28
6.333582580121623903e-29
3.010496361668467639e-28
6.092115960162053877e-29
1.554727123707433331e-28
6.541607533271784421e-29
1.936195444354012743e-27
7.234083602906762732e-29
1.581687350734869828e-28
7.336023586061883407e-29
3.180568690638463688e-28
8.111954420953415857e-29
2.287132077493593306e-28
1.599762045967388719e-28
8.701285789326811733e-28
1.946958748578188819e-28
3.203571922494542220e-28
1.722593456748796626e-28
4.337072791661041641e-28
5.781684028654923877e-24
6.607623188867459504e-19
9.728151058735275719e-14
6.352843273790874907e-10
2.256985839918936869e-06
1.694593610921075327e-03
1.223486270140477394e+00
1.021598122394864472e+00
2.349826000834047761e+02
9.433442881228688748e+02
2.229247181431506760e+03
2.678351117938846983e+03
7.350158988457994383e+03
3.847527503202553362e+03
8.222400576428585737e+02
8.031761397720028839e+00
1.151650075060049993e-05
3.290902855252780249e-07
1.111720022276175457e-10
