2.398069289059086237e+06
7.605519843847193843e-11
1.993837424215645898e-07
1.007156701616773121e-05
5.621189642722819180e+00
5.458040773864411221e+02
3.968595794977870810e+03
5.907069088775894670e+03
2.636132406969920794e+03
2.056315730166680623e+03
1.200473992395891855e+03
2.117302457064224654e+02
9.150416537664372019e-01
8.488458726478624872e-01
1.078680928461263214e-03
9.030942028480386053e-07
1.570089605152033730e-10
1.584440127154153501e-14
7.309231810721703565e-20
4.466781468377258125e-25
3.564763761570833130e-28
1.799037341942537590e-28
3.329721204913168789e-28
1.572164668397857951e-28
7.963699980342934749e-28
1.486769269451757799e-28
2.384607413974452609e-28
7.292850682277221437e-29
3.134384548528910690e-28
6.517566824337663248e-29
1.609516789499553213e-28
7.389512661929891648e-29
1.939519306404676593e-27
5.767661872888059090e-29
1.598815970771414992e-28
6.326428272675409623e-29
2.984091105427842134e-28
5.977983963189247429e-29
1.731613704085981311e-28
8.582545654676010287e-29
6.992642003215086568e-28
7.579983459065560835e-29
1.568403018398061205e-28
5.221678874589745284e-29
3.017909037564040941e-28
5.114378031341264270e-29
1.531973429058011313e-28
5.876736371982396374e-29
1.526117946546556229e-27
5.316840715338785751e-29
1.535624494745172062e-28
5.072022714316141454e-29
2.983387207520996210e-28
5.438098621928622424e-29
1.670276177546946286e-28
8.706705638843063495e-29
6.710395110505675805e-28
8.840839723255873544e-29
1.783168701077397711e-28
5.409259033122560857e-29
2.994941822406867292e-28
4.935209146264457325e-29
1.459203211228458161e-28
5.346085389914693934e-29
5.593059708990819217e-27
5.138105686420569192e-29
1.471787714017364129e-28
5.109755867165556962e-29
2.994747383947420398e-28
5.441281020860042489e-29
1.705216479032768180e-28
8.488114825091364637e-29
6.710395110505675805e-28
8.561383676724743443e-29
1.690883942460408486e-28
5.228329764067356671e-29
2.983401472705645329e-28
5.102118653240777581e-29
1.502439462442672982e-28
5.635539236793956147e-29
1.526117946546556229e-27
5.529885679607619617e-29
1.501392839783909862e-28
5.183746506685114144e-29
3.017779019518070843e-28
5.253055685027723578e-29
1.563626020329264194e-28
8.174521743271372971e-29
6.992642003215086568e-28
9.968762191230622799e-29
1.822278941571779606e-28
5.930270699683473023e-29
2.984380259548582228e-28
5.633793033265969745e-29
1.557067326473930059e-28
6.063557506049009792e-29
1.939519306404676593e-27
6.983648914915710400e-29
1.595814241893001518e-28
6.713061340963448701e-29
3.134907587057344643e-28
7.221234508998762735e-29
2.336003213291781347e-28
1.391944368763685567e-28
7.963699980342934749e-28
1.548180101723487250e-28
3.327799433267295995e-28
1.697799786295726015e-28
3.564176584442659279e-28
4.466255027839036867e-25
7.309239889294699358e-20
1.584440124779433843e-14
1.570089605152033730e-10
9.030942028486977028e-07
1.078680928461257793e-03
8.488458726478624872e-01
9.150416537664372019e-01
2.117302457064224654e+02
1.200473992395891855e+03
2.056315730166680623e+03
2.636132406969920794e+03
5.907069088775894670e+03
3.968595794977870810e+03
5.458040773864411221e+02
5.621189642722819180e+00
1.007156701616942358e-05
1.993837424216178734e-07
7.605519843685766962e-11
