2.396961649672844913e+06
7.135338947876015996e-11
1.880846387629794758e-07
9.758851040505921900e-06
5.597195916103241409e+00
5.634421737733329110e+02
4.056603844829708123e+03
5.683999142878796192e+03
2.814327170085559374e+03
2.122745825950485141e+03
1.142464839358842710e+03
2.067168954686029849e+02
9.024641380491407183e-01
8.103236197736763957e-01
1.022410830289684951e-03
8.314321922283168690e-07
1.374944291394081341e-10
1.332831025086404860e-14
5.951558985330120800e-20
3.510508204084725936e-25
3.527362288558391964e-28
1.783361815545661478e-28
3.327400000050984599e-28
1.644554631504116083e-28
8.040048913465774310e-28
1.544427567376035763e-28
2.401748949460830767e-28
7.334248531676183631e-29
3.143477155606412318e-28
6.771112187776610288e-29
1.621763367136201644e-28
7.721316473612661999e-29
1.950491769312084489e-27
5.825828096700154755e-29
1.583670509594681787e-28
6.317647523640984879e-29
2.967691291593263301e-28
6.147493099556838311e-29
1.732767861688130000e-28
8.770730945759527089e-29
6.981120206800022830e-28
7.779242452861582573e-29
1.557758062766524665e-28
5.257595178306678904e-29
2.981726677158779437e-28
4.977796322018600469e-29
1.517681395120389112e-28
5.923086008022491800e-29
1.520200585322145897e-27
5.411223573172726385e-29
1.513102841589405196e-28
5.035915134498567436e-29
2.978417084771465267e-28
5.503998922700153699e-29
1.690066315776505277e-28
8.817395941936580556e-29
6.858843397392696355e-28
8.756775681317191075e-29
1.791577012522773535e-28
5.343895614159006738e-29
2.980429571886153573e-28
4.971189755475109692e-29
1.472941141581526864e-28
5.402078532632483025e-29
5.729846785248792505e-27
5.226027547973520362e-29
1.487676022315983267e-28
5.097233878163515697e-29
2.980369930247778743e-28
5.342797556453139651e-29
1.704721546583297736e-28
8.552214093244154257e-29
6.858843397392696355e-28
8.565140083878415356e-29
1.714148971903990716e-28
5.324731992642069332e-29
2.978514176652918747e-28
5.067549243913912553e-29
1.475854926465404935e-28
5.730405539934050064e-29
1.520200585322145897e-27
5.533262716053552470e-29
1.488654046529454263e-28
5.030291340845540722e-29
2.982050850066942450e-28
5.282226334833488261e-29
1.557826695906136334e-28
8.448037006689409871e-29
6.981120206800022830e-28
1.023359333646959498e-28
1.825540570929393295e-28
6.045556593807573792e-29
2.967200233654762593e-28
5.617990533561639468e-29
1.542081722168266565e-28
6.100497012938951212e-29
1.950491769312084489e-27
7.255682043113448572e-29
1.610069823759394791e-28
6.932566622684013625e-29
3.144057015716804146e-28
7.242021417266786389e-29
2.363672805085103440e-28
1.454298882429971808e-28
8.040048913465774310e-28
1.611205070152907377e-28
3.320770542317094112e-28
1.699473394018147065e-28
3.527035170260538821e-28
3.510591700634637366e-25
5.951564236274505159e-20
1.332831022770629836e-14
1.374944291394081341e-10
8.314321922289386971e-07
1.022410830289679313e-03
8.103236197736761737e-01
9.024641380491409404e-01
2.067168954686029849e+02
1.142464839358843165e+03
2.122745825950485141e+03
2.814327170085559374e+03
5.683999142878796192e+03
4.056603844829708123e+03
5.634421737733329110e+02
5.597195916103241409e+00
9.758851040507626130e-06
1.880846387630186511e-07
7.135338947731312380e-11
