2.392231589277071413e+06
6.699660351790853327e-11
1.712287822934712215e-07
9.469325271893257225e-06
5.723774851746563641e+00
5.988518026309195648e+02
4.304101595193114008e+03
5.598609197911361662e+03
3.213116749568856903e+03
2.318722799667006257e+03
1.130281594148523482e+03
2.066770074278002483e+02
8.981885985343309731e-01
7.801843550810294570e-01
9.621594084621378938e-04
7.594529369390486218e-07
1.164249809221184346e-10
1.041230442472894187e-14
4.322823658644597155e-20
2.367361662782485767e-25
3.590014979870430291e-28
1.997531852969270152e-28
3.404093861215318345e-28
1.716778682726620717e-28
8.350818944201275395e-28
1.606961302478610076e-28
2.593345490354128697e-28
7.554692750424967445e-29
3.189864645359482574e-28
6.864087404748772978e-29
1.639980085755781326e-28
7.939869635065627121e-29
1.940054329361188833e-27
5.930671879301432134e-29
1.615171996165081351e-28
6.463082300813249441e-29
2.992803042933141783e-28
6.096081584503154460e-29
1.761007064488211498e-28
9.112941480956506123e-29
7.205793863430204420e-28
7.681612810180432181e-29
1.581702667937191727e-28
5.284692856746193189e-29
3.015107258558283462e-28
5.127759095540978180e-29
1.534436232557836457e-28
5.953757058406804399e-29
1.516461724196348639e-27
5.415327080488627855e-29
1.540253760801766760e-28
5.139256292225380624e-29
2.991935851540540955e-28
5.540174123087012520e-29
1.703694386328147640e-28
8.937121861491801182e-29
6.841617657913125462e-28
8.826130853209600925e-29
1.833789932509709294e-28
5.562080194568174875e-29
2.976558463145849320e-28
4.984326629896362351e-29
1.466932075447291154e-28
5.445830527891877459e-29
5.583825681300793493e-27
5.258196835028749297e-29
1.476582400635857048e-28
5.082693780983287169e-29
2.976140833244456892e-28
5.574907918905975200e-29
1.742259901041275131e-28
8.350217535712994533e-29
6.841617657913125462e-28
8.774837036179769341e-29
1.720771258304518517e-28
5.416374540034716885e-29
2.992229847610810929e-28
5.118655727512013109e-29
1.511829414116825215e-28
5.732935126682498359e-29
1.516461724196348639e-27
5.565334447136219405e-29
1.502152099469580619e-28
5.188427602637780035e-29
3.014717537254254454e-28
5.307694596740923196e-29
1.577303782511535923e-28
8.303188599000461347e-29
7.205793863430204420e-28
1.079396506973102417e-28
1.860211054105750739e-28
6.016765852934804461e-29
2.992617698538431944e-28
5.762634578405299519e-29
1.563257444575238199e-28
6.196868541287278832e-29
1.940054329361188833e-27
7.425711856962540837e-29
1.621677953603656305e-28
6.985633358506927966e-29
3.190328191081346663e-28
7.486240501039831106e-29
2.561449329087310247e-28
1.510478918426414861e-28
8.350818944201275395e-28
1.693355806669031304e-28
3.403220044371590451e-28
1.886087310130422370e-28
3.589754570755557186e-28
2.367820772000951341e-25
4.322826591228692857e-20
1.041230440708166430e-14
1.164249809221184346e-10
7.594529369397319656e-07
9.621594084621330149e-04
7.801843550810291239e-01
8.981885985343309731e-01
2.066770074278002767e+02
1.130281594148523482e+03
2.318722799667006257e+03
3.213116749568856903e+03
5.598609197911361662e+03
4.304101595193114008e+03
5.988518026309195648e+02
5.723774851746564529e+00
9.469325271895020747e-06
1.712287822935164849e-07
6.699660351644413924e-11
