2.390849718587412499e+06
6.614208968285018550e-11
1.693321729115675263e-07
9.412689963171154666e-06
5.779135646609151244e+00
6.123926679094691963e+02
4.406224249272047928e+03
5.601743183894769572e+03
3.275908076277606142e+03
2.370009118896898144e+03
1.132239776987199321e+03
2.069560030612369417e+02
9.037025710377623033e-01
7.827321115244906258e-01
9.610914626599623882e-04
7.585843018073184759e-07
1.152271125413105723e-10
1.015602653136895304e-14
4.150767902288013719e-20
2.234418872693856212e-25
3.526368998913632492e-28
2.116171220263271427e-28
3.414861429978432217e-28
1.794507713794018556e-28
8.339895258647071986e-28
1.601200278752304055e-28
2.630434234966313556e-28
7.834021051499616669e-29
3.212592018920772583e-28
6.771918819300217860e-29
1.663110184011463914e-28
7.878962992432989006e-29
1.944608873260821942e-27
6.013942729450300983e-29
1.620136241803882890e-28
6.323029034842616494e-29
2.955622491004306138e-28
6.201661349654791028e-29
1.779129995455320589e-28
9.208684265406863066e-29
7.179644817166333255e-28
7.739993570833140475e-29
1.573335159011530802e-28
5.388870414175403048e-29
3.002302889488855484e-28
5.224790677416384566e-29
1.534530521167731141e-28
5.940071459586672401e-29
1.513290523371601505e-27
5.519683055969911918e-29
1.539964186237585807e-28
5.173817807107181923e-29
3.012391941085660178e-28
5.710018175486517759e-29
1.703912753720786647e-28
9.256700467370979668e-29
6.866540110126071264e-28
8.907834581064788409e-29
1.861056894767788026e-28
5.614978073719465610e-29
2.970914736955168357e-28
5.004430976863730324e-29
1.489879268281029197e-28
5.509888824717035829e-29
5.738833462586045469e-27
5.277572755310311033e-29
1.497081688946380912e-28
5.156636878230971308e-29
2.970760772713258799e-28
5.653180110373469808e-29
1.754150637836936425e-28
8.554351887613108404e-29
6.866540110126071264e-28
9.071054225475157985e-29
1.729383823611915290e-28
5.487363066841200414e-29
3.012349558593112249e-28
5.187231783485875321e-29
1.507374580694427706e-28
5.856072351217957380e-29
1.513290523371601505e-27
5.545155698171346241e-29
1.497012140336885469e-28
5.289588053569283787e-29
3.002154850484098480e-28
5.429339528733744775e-29
1.568633067069966932e-28
8.371251244173791011e-29
7.179644817166333255e-28
1.086411393375596604e-28
1.875577754469245519e-28
6.147473886212741037e-29
2.955721746608760820e-28
5.701607164983924377e-29
1.571418177511188303e-28
6.260578384875306723e-29
1.944608873260821942e-27
7.467130918532017458e-29
1.644737864210285213e-28
6.889409921045820680e-29
3.212920036147295219e-28
7.759370721729703220e-29
2.586024214553730435e-28
1.508137370008685053e-28
8.339895258647071986e-28
1.775110761469727105e-28
3.410136656963190445e-28
2.001790304272405854e-28
3.526103198057785730e-28
2.234905465265701760e-25
4.150770189352036476e-20
1.015602651928481882e-14
1.152271125413105723e-10
7.585843018079436921e-07
9.610914626599605451e-04
7.827321115244905148e-01
9.037025710377625254e-01
2.069560030612369417e+02
1.132239776987199321e+03
2.370009118896897689e+03
3.275908076277606142e+03
5.601743183894770482e+03
4.406224249272047928e+03
6.123926679094691963e+02
5.779135646609151244e+00
9.412689963172826709e-06
1.693321729116212600e-07
6.614208968129402612e-11
