2.389273460946665145e+06
6.526755382397563728e-11
1.670899257831005831e-07
9.356397095315210661e-06
5.835756200389628390e+00
6.273037237071235950e+02
4.530617452786759713e+03
5.584072980788364475e+03
3.347250015464630906e+03
2.420321792696827742e+03
1.142670521522543595e+03
2.072177007862142943e+02
9.090516783980506776e-01
7.860337699819234247e-01
9.609952352338779194e-04
7.594072393510022861e-07
1.144948375711121884e-10
9.954522672084518596e-15
4.005830643475234919e-20
2.118570730949338927e-25
3.504891771683697676e-28
2.258543504686769461e-28
3.468277493539477626e-28
1.869107611473721895e-28
8.373512155404521863e-28
1.598671517578160165e-28
2.690060305542737754e-28
7.856391937511311304e-29
3.203919239170514570e-28
6.856432460654569659e-29
1.657068507363165968e-28
7.942142413290523147e-29
1.921269157009054408e-27
6.171617245022645322e-29
1.622301092230763512e-28
6.348158350516342251e-29
2.982871529216524675e-28
6.182029084410302821e-29
1.771077250123446320e-28
9.237408551462752660e-29
7.097132717378423864e-28
7.874182998624364009e-29
1.582368916349277703e-28
5.397790908320859119e-29
3.026341204585659126e-28
5.170011926787408247e-29
1.559226731087245088e-28
5.975876514053128577e-29
1.521549035236874907e-27
5.495040128174230689e-29
1.538887112895408989e-28
5.227820384400738021e-29
3.011579658721798474e-28
5.688402186209162263e-29
1.728271558957340683e-28
9.590754077962581138e-29
6.875567581630212065e-28
8.993695395045351574e-29
1.864719949283610771e-28
5.593530246506618035e-29
2.989632599009712328e-28
5.091646586210900372e-29
1.507133596125792121e-28
5.590317387982440964e-29
5.736198361355230637e-27
5.382780339495894194e-29
1.512781029136507754e-28
5.195630089467198101e-29
2.989185412582336032e-28
5.599767433432288114e-29
1.761846802563204342e-28
8.728605270501235788e-29
6.875567581630212065e-28
9.435166923699121092e-29
1.752091129381824297e-28
5.530168514067297923e-29
3.011555473332676341e-28
5.253995482843074427e-29
1.505116744670608528e-28
5.806517112652675475e-29
1.521549035236874907e-27
5.579356752313903739e-29
1.525516176270284374e-28
5.227886044059287076e-29
3.026237287308666396e-28
5.453811476552372311e-29
1.575604336022590920e-28
8.578546789257006225e-29
7.097132717378423864e-28
1.083321070937163432e-28
1.877163396090188298e-28
6.102051986344118401e-29
2.982705070041416275e-28
5.765566029785695874e-29
1.567143386432558506e-28
6.413236401044412684e-29
1.921269157009054408e-27
7.537052237398689939e-29
1.638054466053947127e-28
6.973549866023076789e-29
3.204565319678166814e-28
7.791881076362458719e-29
2.662585460029633963e-28
1.508010232532424761e-28
8.373512155404521863e-28
1.857226465423263999e-28
3.468479512483149376e-28
2.126129697245479302e-28
3.504874395986312660e-28
2.119213330012671633e-25
4.005832860652612273e-20
9.954522659398507169e-15
1.144948375711121884e-10
7.594072393517000295e-07
9.609952352338747752e-04
7.860337699819233137e-01
9.090516783980507887e-01
2.072177007862142943e+02
1.142670521522543595e+03
2.420321792696827742e+03
3.347250015464630906e+03
5.584072980788364475e+03
4.530617452786760623e+03
6.273037237071235950e+02
5.835756200389628390e+00
9.356397095316731932e-06
1.670899257831532315e-07
6.526755382274996241e-11
