2.377696687766318675e+06
6.256758551239981442e-11
1.439006814727061586e-07
8.652806092330063382e-06
5.918583271784358502e+00
6.925260663527719771e+02
5.006778440617891647e+03
5.132546695462638127e+03
3.925266129865784478e+03
2.385003586710903619e+03
1.226888354604346432e+03
2.022935255278369198e+02
9.084916573436645493e-01
7.848607036722302643e-01
9.478206211577779256e-04
7.766744763288899396e-07
1.128643783245101588e-10
8.943130436529575810e-15
3.224631413217278515e-20
1.530313519595017368e-25
3.648094239337965498e-28
2.665152034740378663e-28
3.877533867207297115e-28
2.176084465777924684e-28
8.668035613621279837e-28
1.767327514275848735e-28
2.932453387275289758e-28
8.422841379848765242e-29
3.212312151378350224e-28
7.161885946947499740e-29
1.702043312411715195e-28
8.857410938257250464e-29
1.950278749045607250e-27
6.618332723942075933e-29
1.648499745592539768e-28
6.694512434292159288e-29
2.993476675704414817e-28
6.679161038483755676e-29
1.827505911265452685e-28
9.078211935903490101e-29
7.498652534815859270e-28
8.953529237665320649e-29
1.577768757284627058e-28
5.522870220494011908e-29
3.005982908044992672e-28
5.231084835792345406e-29
1.567031586477015349e-28
6.073051552388084610e-29
1.518499529402912153e-27
5.611507801298496281e-29
1.567352649933940625e-28
5.323679678805775590e-29
3.031697109003568436e-28
5.897348155113665301e-29
1.796162829319270017e-28
9.681971710368043673e-29
7.106533353627275005e-28
8.910769584345263432e-29
1.934981874714786104e-28
5.791153421445843066e-29
3.015704375120711940e-28
5.112406799465093760e-29
1.505275817468678466e-28
5.469042916777033760e-29
5.789152795438584678e-27
5.294514776687239917e-29
1.517280599843454648e-28
5.260107002724659152e-29
3.015172709372573568e-28
5.807863763101880139e-29
1.819027456006341745e-28
8.723119863756596594e-29
7.106533353627275005e-28
9.601985510390242937e-29
1.829107066764756928e-28
5.662284477141546587e-29
3.031934729356317417e-28
5.345003878902736174e-29
1.534744230469819352e-28
5.916732304726744491e-29
1.518499529402912153e-27
5.725636470543069239e-29
1.529356937584795449e-28
5.297639374360751348e-29
3.005875146072965911e-28
5.530195960994780657e-29
1.567902254074818284e-28
9.738555323499573361e-29
7.498652534815859270e-28
1.061757086618542070e-28
1.954645306611338512e-28
6.633156984620624129e-29
2.993599974615701027e-28
6.079438033395301542e-29
1.589403935119621176e-28
6.833666404999732084e-29
1.950278749045607250e-27
8.383552944249218348e-29
1.679800792716104635e-28
7.276100014608727424e-29
3.212998595539879797e-28
8.339239223506314046e-29
2.882012003291847025e-28
1.676530800768980382e-28
8.668035613621279837e-28
2.146345112869257384e-28
3.884275215373594965e-28
2.524604053695109470e-28
3.648008400862759022e-28
1.531004203511344992e-25
3.224632257478539005e-20
8.943130424710120198e-15
1.128643783245101588e-10
7.766744763296259054e-07
9.478206211577746730e-04
7.848607036722300423e-01
9.084916573436647713e-01
2.022935255278368629e+02
1.226888354604346432e+03
2.385003586710903619e+03
3.925266129865784478e+03
5.132546695462637217e+03
5.006778440617891647e+03
6.925260663527719771e+02
5.918583271784358502e+00
8.652806092331432187e-06
1.439006814727322843e-07
6.256758551205354886e-11
