2.373937301024022978e+06
6.382010719860607422e-11
1.361377043293501097e-07
8.450270026789753739e-06
5.882295260563060957e+00
6.979492412811355280e+02
5.012020762014900356e+03
5.073610244957396390e+03
3.942780190200589459e+03
2.453017819545606017e+03
1.254778501507739975e+03
2.013537682417368444e+02
9.038349246683261562e-01
7.789330902223110531e-01
9.364115510357665529e-04
7.751634123156846827e-07
1.114824145709138388e-10
8.634560271871103502e-15
3.037521479719278088e-20
1.410079544348335209e-25
3.685870134155853782e-28
2.719495313399146118e-28
3.917858564398731873e-28
2.177392563736775946e-28
8.898224447902431758e-28
1.756664400813767740e-28
3.035557882661175758e-28
8.624051621009622444e-29
3.255795693648331575e-28
7.236327489677399532e-29
1.696079486387652640e-28
8.953447734094804550e-29
1.932536689287456846e-27
6.782248996920161427e-29
1.652630875320798812e-28
6.662141310642370205e-29
2.994600071634165214e-28
6.582195977297647724e-29
1.876095098734713167e-28
9.284952002380646616e-29
7.527856667043832167e-28
9.091894577766388699e-29
1.603543585530412896e-28
5.505777263568423790e-29
3.031202447578367862e-28
5.305185778006937060e-29
1.600573332547203419e-28
6.097816164678160170e-29
1.532881717339683381e-27
5.628277903111711321e-29
1.567926309533276477e-28
5.318834494825425041e-29
3.033768109839037067e-28
5.777102989477299684e-29
1.828569406254823385e-28
9.729814465064073922e-29
7.093075216253696337e-28
9.063901576679396670e-29
1.947982596717141567e-28
5.821141711878762729e-29
2.997198355498050079e-28
5.111831362250442048e-29
1.508352587961666563e-28
5.683601380446109592e-29
5.717831564077039783e-27
5.460773429028512200e-29
1.516201813032451573e-28
5.258354829935598067e-29
2.996874249197509672e-28
5.838587454652525930e-29
1.828512482480272405e-28
8.641665782545430980e-29
7.093075216253696337e-28
9.665484952681475412e-29
1.857455402594543656e-28
5.564798270495153041e-29
3.033608415268885903e-28
5.325231822707616174e-29
1.538835354388829529e-28
5.900362380988116305e-29
1.532881717339683381e-27
5.753229908350864790e-29
1.560837765357043490e-28
5.359891882521522245e-29
3.030960650139560513e-28
5.505398325896740881e-29
1.595100233491613248e-28
9.801744932402199823e-29
7.527856667043832167e-28
1.057805647004072543e-28
1.990692862939039052e-28
6.471697548836360751e-29
2.994813421304894311e-28
6.054470945850977639e-29
1.595756529546874636e-28
7.016773802482857615e-29
1.932536689287456846e-27
8.601130275040107260e-29
1.673578359353551885e-28
7.349515842732551758e-29
3.256402551100859739e-28
8.548830571851423100e-29
2.986332861268718428e-28
1.667774476472100548e-28
8.898224447902431758e-28
2.156535691610754498e-28
3.912247169440139402e-28
2.604790226391567331e-28
3.686241540439687101e-28
1.410765914466958634e-25
3.037522954193652549e-20
8.634560261077167068e-15
1.114824145709138388e-10
7.751634123163919552e-07
9.364115510357627582e-04
7.789330902223104980e-01
9.038349246683263782e-01
2.013537682417368444e+02
1.254778501507739975e+03
2.453017819545606017e+03
3.942780190200589459e+03
5.073610244957396390e+03
5.012020762014900356e+03
6.979492412811355280e+02
5.882295260563060957e+00
8.450270026790863352e-06
1.361377043293776383e-07
6.382010719789441455e-11
