2.365523102686380967e+06
6.278745159525403783e-11
1.165541453762190762e-07
7.563736440922401246e-06
5.337206775282152371e+00
6.764442971032354990e+02
4.514227420506820636e+03
5.019413059130677539e+03
4.063643543076100286e+03
2.457183992618978664e+03
1.210550457972173717e+03
1.982853436559568365e+02
9.339686418417142422e-01
8.162867786322141050e-01
9.590941907497592660e-04
8.101399351884610219e-07
1.150288078698971681e-10
8.515309480204171413e-15
2.824618082896954658e-20
1.237701939498925503e-25
3.941521315318375110e-28
2.776408303285806347e-28
4.085221913313737630e-28
2.192198747156647757e-28
9.736384632070787404e-28
1.666009630634891340e-28
3.191761453155282919e-28
9.095353968254310965e-29
3.263104487319222867e-28
7.539638658917586107e-29
1.704269909702725753e-28
8.799073147250881081e-29
2.011013785342180275e-27
6.710910483444649938e-29
1.634393556305986137e-28
6.645465968666487383e-29
3.009589585170803229e-28
6.352921198811094456e-29
1.871762654402367672e-28
8.862882363057224843e-29
7.633925222422416317e-28
8.462924990684977251e-29
1.605353702845366781e-28
5.450698587179528663e-29
3.049588768003243908e-28
5.273366831344065946e-29
1.561356070281273627e-28
6.009324710867402434e-29
1.554085645795971405e-27
5.491458871657014071e-29
1.561974594135945256e-28
5.252711557334148538e-29
3.026389946233932907e-28
5.677678897966581179e-29
1.789144099436645594e-28
9.282100500689703574e-29
7.028547759036192451e-28
8.669885218498976604e-29
1.913069709073095475e-28
5.706993176581512788e-29
2.972067159910680774e-28
5.087171402525423094e-29
1.507683376477947475e-28
5.535541664828156587e-29
5.807538145301479439e-27
5.302241562286020202e-29
1.518689361232714188e-28
5.238305392510795770e-29
2.971854193117516260e-28
5.695018037124987093e-29
1.808495349325655100e-28
8.451230759462843775e-29
7.028547759036192451e-28
9.105437730120021706e-29
1.799146394977930562e-28
5.466610284494932961e-29
3.026669846789772686e-28
5.212863758625949924e-29
1.524970220358940559e-28
5.817279344616720505e-29
1.554085645795971405e-27
5.642105356344150510e-29
1.529996701288616882e-28
5.325179828059603183e-29
3.049366837528022116e-28
5.432186619290984694e-29
1.599992784529968190e-28
9.159660298175475000e-29
7.633925222422416317e-28
1.015216967793538860e-28
1.972858035647956147e-28
6.241185786700356720e-29
3.009403012927813603e-28
6.048332033462444749e-29
1.587943965476324222e-28
6.962899891176979546e-29
2.011013785342180275e-27
8.438369133967297619e-29
1.687865693569601243e-28
7.627731264171843092e-29
3.263397259796072214e-28
9.037954106777981599e-29
3.152204944049240426e-28
1.592254916636319065e-28
9.736384632070787404e-28
2.165279599714302899e-28
4.083626241468916738e-28
2.686243151121073009e-28
3.941663092514439766e-28
1.238241959951039351e-25
2.824619015281740361e-20
8.515309471341528980e-15
1.150288078698971681e-10
8.101399351890485451e-07
9.590941907497552545e-04
8.162867786322137720e-01
9.339686418417142422e-01
1.982853436559568365e+02
1.210550457972174172e+03
2.457183992618979119e+03
4.063643543076100286e+03
5.019413059130677539e+03
4.514227420506820636e+03
6.764442971032352716e+02
5.337206775282152371e+00
7.563736440923400745e-06
1.165541453762904520e-07
6.278745159491391150e-11
