2.363712131105065346e+06
6.225936807995792470e-11
1.134464821840901938e-07
7.469800357030315690e-06
5.216587292727268732e+00
6.642270400051100978e+02
4.418119149838918929e+03
5.083758174902597602e+03
4.084518381285820851e+03
2.483613248472396663e+03
1.186882763248279161e+03
1.984807535618269014e+02
9.549658032786030315e-01
8.331324953829559732e-01
9.765596954021911252e-04
8.284474947677553208e-07
1.176928865109406835e-10
8.653424437293959487e-15
2.836341650956597568e-20
1.226625401138387010e-25
4.012648820088865610e-28
2.774418110807968236e-28
4.096652980609539769e-28
2.266502290398283911e-28
9.750872385120200657e-28
1.682125482569471098e-28
3.233256096370479659e-28
9.125520305871236238e-29
3.308537091830604739e-28
7.604681678431283690e-29
1.700136235024945079e-28
8.758319086957422454e-29
1.975594405916272103e-27
6.692024796551963715e-29
1.632175663553492874e-28
6.607381020644382223e-29
2.991478037753548191e-28
6.272827957773695752e-29
1.878440842458203931e-28
8.827015007694383530e-29
7.565300713698817464e-28
8.441674248269127383e-29
1.594852599499432400e-28
5.490604893544366525e-29
3.075052421280090715e-28
5.209177090989597032e-29
1.565991066030614126e-28
6.004226075548592916e-29
1.531201203079954459e-27
5.606444330755428279e-29
1.553011575690718814e-28
5.292072452383639350e-29
3.041000895375818488e-28
5.699959409801814087e-29
1.789482524502735416e-28
9.432191277296140247e-29
7.052245124557499800e-28
8.737832776850711216e-29
1.890420971845329896e-28
5.738999919906699067e-29
2.986856115072548663e-28
5.128076528081974228e-29
1.490619618807547829e-28
5.540078862762746990e-29
5.801412348597052490e-27
5.296093029084065385e-29
1.497501906337217137e-28
5.258943384293489650e-29
2.986803923252359323e-28
5.713720183938001687e-29
1.777501788981610354e-28
8.461181862905476577e-29
7.052245124557499800e-28
9.124789986994036874e-29
1.810148084895887457e-28
5.501806232428259920e-29
3.041164736201104485e-28
5.279492140803329011e-29
1.515213190300087559e-28
5.922376208626646142e-29
1.531201203079954459e-27
5.636260934131620022e-29
1.532823827612194137e-28
5.262942529631451327e-29
3.074727761615936216e-28
5.511597688494627709e-29
1.587360244030884242e-28
9.071540231694812884e-29
7.565300713698817464e-28
1.035980039596855494e-28
1.979824191643831833e-28
6.206493662040957410e-29
2.991233894996318772e-28
6.044165317984960505e-29
1.590774447050340146e-28
6.955276833677414413e-29
1.975594405916272103e-27
8.396052089561896777e-29
1.683894100163225040e-28
7.655386967433904337e-29
3.309010313753725287e-28
9.030310082397273597e-29
3.200159139660622183e-28
1.613800653585598850e-28
9.750872385120200657e-28
2.226453284979208629e-28
4.090968980726114711e-28
2.697166826877994396e-28
4.013074148376599015e-28
1.227255501636448993e-25
2.836342544090329753e-20
8.653424430228880199e-15
1.176928865109406835e-10
8.284474947683244211e-07
9.765596954021880894e-04
8.331324953829559732e-01
9.549658032786030315e-01
1.984807535618269014e+02
1.186882763248279389e+03
2.483613248472397117e+03
4.084518381285820851e+03
5.083758174902598512e+03
4.418119149838918929e+03
6.642270400051099841e+02
5.216587292727268732e+00
7.469800357031298248e-06
1.134464821841677899e-07
6.225936807966409464e-11
