2.361731989699215628e+06
6.180522095444555296e-11
1.107016748852512885e-07
7.392524578959132631e-06
5.105722537566714792e+00
6.503763781780683075e+02
4.349787307728248379e+03
5.156728365068022867e+03
4.103845898296545784e+03
2.531046403712990468e+03
1.172770292726552952e+03
2.001610526106444752e+02
9.850349830396336603e-01
8.545882662383306183e-01
9.970723669124167878e-04
8.474199390104270196e-07
1.201887593354981378e-10
8.758264208791998837e-15
2.831984596848724615e-20
1.206493036841478448e-25
4.074432092750738941e-28
2.794413489154730422e-28
4.132976368750215568e-28
2.256108621422328246e-28
9.737525880134011629e-28
1.734617035082581730e-28
3.320332638806195586e-28
9.175246041702413344e-29
3.297026558353354691e-28
7.596298575736001653e-29
1.710780162882396449e-28
8.940698358192326473e-29
1.979770382806330830e-27
6.636257998726927696e-29
1.622551717568726804e-28
6.697142695457499846e-29
2.994579587188867839e-28
6.287815864685531725e-29
1.876986000632979959e-28
8.746161286695346934e-29
7.517250558636920977e-28
8.174383195053752038e-29
1.601939433978646495e-28
5.501677697292277609e-29
3.051766258941498274e-28
5.213766675279537883e-29
1.558154473392404668e-28
5.939730260782106160e-29
1.536102153268355219e-27
5.565153334639166342e-29
1.547000099583449173e-28
5.322193351023413682e-29
3.009673751643598662e-28
5.746080450290809459e-29
1.768764544022190868e-28
9.272480685330592385e-29
7.038181376197090528e-28
8.624039622501556103e-29
1.913334000308722136e-28
5.651929422127700437e-29
2.983570574811317945e-28
5.114130455132423554e-29
1.483845815736980785e-28
5.581243184498225852e-29
5.821143968192343915e-27
5.348429678425172483e-29
1.491922156506019175e-28
5.260923269940254235e-29
2.983376298134711843e-28
5.659520096097948685e-29
1.811744796204177781e-28
8.387823566414801862e-29
7.038181376197090528e-28
9.102805214830599084e-29
1.785928259923152553e-28
5.476401448540364138e-29
3.009641955914861905e-28
5.284706521230826424e-29
1.519788704895120157e-28
5.832470260071870685e-29
1.536102153268355219e-27
5.593386389397404196e-29
1.522479589363771856e-28
5.307351481161588019e-29
3.052124743383766901e-28
5.514063756839441297e-29
1.587937577456113383e-28
8.795356221817975074e-29
7.517250558636920977e-28
1.023104229717060337e-28
1.976911247297847815e-28
6.248061752170164356e-29
2.994398722870418258e-28
6.072992569604130975e-29
1.578613346791538066e-28
6.850072480160596292e-29
1.979770382806330830e-27
8.540197216242045945e-29
1.692931164006710811e-28
7.675619987988545037e-29
3.297072198988688575e-28
9.114371014653091989e-29
3.285360479920576047e-28
1.659495158050304246e-28
9.737525880134011629e-28
2.226978606181137428e-28
4.125622140842310225e-28
2.719792129652529711e-28
4.074895576720360773e-28
1.207132423464165765e-25
2.831985630337187058e-20
8.758264203803589572e-15
1.201887593354981378e-10
8.474199390109368276e-07
9.970723669124133184e-04
8.545882662383306183e-01
9.850349830396336603e-01
2.001610526106444752e+02
1.172770292726552952e+03
2.531046403712990923e+03
4.103845898296545784e+03
5.156728365068022867e+03
4.349787307728248379e+03
6.503763781780684212e+02
5.105722537566714792e+00
7.392524578959954253e-06
1.107016748853361506e-07
6.180522095441962602e-11
