2.276288082304239739e+06
4.118964426593532613e-11
6.788208498793458735e-08
6.003070571822992710e-06
5.184338240241435081e+00
8.922692767205970767e+02
4.110910475184496136e+03
5.455409217060584524e+03
5.125780483438704323e+03
2.301678973364313151e+03
1.921201927059881200e+03
3.107693437159496739e+02
2.372291076223739026e+00
2.042565261128638010e+00
2.267387870210677871e-03
1.870294491658249989e-06
2.350477789347697479e-10
1.328188642485728403e-14
2.930367642632909130e-20
8.483171664996330622e-26
4.658984120244546960e-28
2.889819615162411437e-28
5.306503819912768382e-28
1.734958435251775253e-28
1.041905881769572991e-27
1.797759104053471299e-28
2.856179054365198227e-28
9.456948371374193858e-29
3.343947519782378353e-28
7.273877259115802638e-29
1.700904747779998404e-28
8.812755317304464280e-29
2.004138689716216793e-27
6.331652280074710613e-29
1.642787671524904208e-28
7.029218312247442104e-29
3.042410265254428683e-28
6.772438708744409569e-29
1.802307609915901111e-28
8.984702743635823178e-29
7.536039508284014745e-28
8.134706706615156061e-29
1.631858642473162302e-28
5.654450484994021352e-29
3.104134062447582369e-28
5.406660363391210650e-29
1.575545127768824494e-28
5.955034987973056192e-29
1.544691113070307327e-27
5.679820145293360927e-29
1.595371942306910336e-28
5.375723770722466221e-29
3.058100689003207497e-28
5.954463230714609729e-29
1.787248277482774040e-28
9.817117024104698733e-29
7.073931011729914323e-28
9.068626488547913184e-29
1.890335982535802927e-28
5.943310094173301990e-29
3.026733066056398937e-28
5.230478265123175961e-29
1.522731753144235817e-28
5.932968667883664124e-29
5.835263310603839412e-27
5.642694535613171786e-29
1.537020141662917248e-28
5.390411716252033418e-29
3.026804315207497022e-28
5.861883493785303684e-29
1.785373260912721031e-28
8.588029800190539249e-29
7.073931011729914323e-28
9.695620373100923112e-29
1.834094512058366374e-28
5.674985773264390410e-29
3.058145979146766761e-28
5.347602509652721981e-29
1.551934136516847926e-28
6.000004079376537702e-29
1.544691113070307327e-27
5.654393558103013977e-29
1.549124258697785235e-28
5.479230883784047497e-29
3.104197085730818778e-28
5.640334163615658076e-29
1.623866000315783444e-28
8.738758342020707643e-29
7.536039508284014745e-28
1.011582509188255553e-28
1.909657137477254168e-28
6.782779301613799163e-29
3.042547122244976743e-28
6.325249111542790492e-29
1.598207233306350172e-28
6.546553663606216821e-29
2.004138689716216793e-27
8.381721877765051464e-29
1.678419435405836827e-28
7.392583542099302412e-29
3.343798521938789748e-28
9.410356138330933871e-29
2.827740203290399731e-28
1.693487547485354499e-28
1.041905881769572991e-27
1.721868151116425841e-28
5.278814461404561844e-28
2.803071412621951677e-28
4.659937695432007564e-28
8.481463205601445900e-26
2.930370783673341952e-20
1.328188644780130188e-14
2.350477789347697479e-10
1.870294491658346127e-06
2.267387870210680473e-03
2.042565261128638454e+00
2.372291076223739026e+00
3.107693437159497307e+02
1.921201927059881200e+03
2.301678973364313151e+03
5.125780483438704323e+03
5.455409217060584524e+03
4.110910475184496136e+03
8.922692767205968494e+02
5.184338240241435081e+00
6.003070571823929528e-06
6.788208498794308415e-08
4.118964426670406772e-11
