2.268299109784420114e+06
4.053499996779900142e-11
6.736182268392048174e-08
6.075244443192229304e-06
5.297250569930175068e+00
9.350694831996868288e+02
4.169798697468316277e+03
5.401255546925999624e+03
5.129185998674846815e+03
2.157221139628184119e+03
2.036459872485746018e+03
3.277735846333299605e+02
2.415672520367973419e+00
2.069504427012258230e+00
2.284639220712972405e-03
1.872237566365976626e-06
2.338779678968245612e-10
1.322958995838694874e-14
2.938480932445286690e-20
8.431257060871290903e-26
4.636516799169090120e-28
2.873406574687754252e-28
5.209037635131217918e-28
1.764023624803784830e-28
1.033458301549821022e-27
1.848542424842868052e-28
2.832703509607834494e-28
9.413570585575170949e-29
3.379526059117905503e-28
7.240703212421804933e-29
1.700284150339984073e-28
9.109097194160303066e-29
2.044112199768206991e-27
6.309262868988602670e-29
1.681824802108623906e-28
6.960953267977772045e-29
3.040884262097975765e-28
6.762216146154874632e-29
1.826744901431815681e-28
9.336586824325637989e-29
7.607617959813632496e-28
8.222327374987013778e-29
1.630104297262624548e-28
5.708036912585186048e-29
3.090775373787009764e-28
5.422707640863993465e-29
1.598737694494091757e-28
6.109403562073213419e-29
1.544771918898918414e-27
5.729769027887976811e-29
1.600183295813675424e-28
5.488824025586526185e-29
3.049404752600739314e-28
6.095802408630764321e-29
1.807811236084940605e-28
9.885171394529510704e-29
7.188319515198818125e-28
8.982157002445089756e-29
1.906908947048726106e-28
5.986088099869838400e-29
3.042588913169236593e-28
5.306067055129853335e-29
1.520748462242034970e-28
5.685798792235245850e-29
5.860593519703320250e-27
5.438849033649770991e-29
1.534972774256383974e-28
5.500931592088650992e-29
3.042431004302908573e-28
5.924202866732496526e-29
1.802362015026682339e-28
8.543464695170229976e-29
7.188319515198818125e-28
9.781581900536446203e-29
1.843975586649045928e-28
5.729014774218629328e-29
3.049321590702279876e-28
5.450011387039902398e-29
1.549092688534510315e-28
5.960062563183572583e-29
1.544771918898918414e-27
5.768469130389777515e-29
1.568445033813842545e-28
5.506144786874393405e-29
3.091281106332823664e-28
5.693738164617595250e-29
1.628988686466259579e-28
8.614432803566483429e-29
7.607617959813632496e-28
1.052345396812637542e-28
1.923733727697471061e-28
6.778284905707651195e-29
3.041010322668252817e-28
6.281688643443006690e-29
1.633318016958020519e-28
6.578148503183900517e-29
2.044112199768206991e-27
8.700760719300715182e-29
1.673697037106066828e-28
7.378111115148309068e-29
3.379682174203242624e-28
9.365774721503670991e-29
2.799983150437871038e-28
1.726873503894164396e-28
1.033458301549821022e-27
1.741582846531081685e-28
5.187907434255499728e-28
2.802957890148599225e-28
4.637300440107111845e-28
8.430317029371282425e-26
2.938485361406674404e-20
1.322958997923621903e-14
2.338779678968245612e-10
1.872237566366097539e-06
2.284639220712976308e-03
2.069504427012258230e+00
2.415672520367973419e+00
3.277735846333299605e+02
2.036459872485746700e+03
2.157221139628184119e+03
5.129185998674846815e+03
5.401255546925999624e+03
4.169798697468316277e+03
9.350694831996868288e+02
5.297250569930175068e+00
6.075244443193032291e-06
6.736182268392660949e-08
4.053499996848351923e-11
