2.264318639640849549e+06
4.011052061128426318e-11
6.698503230174734557e-08
6.092106458896599626e-06
5.347239409828505430e+00
9.540987790522019623e+02
4.221228477551934702e+03
5.354983596557088276e+03
5.106405145385846481e+03
2.089059070666591197e+03
2.109971625284341371e+03
3.375968799919412504e+02
2.451459840333566564e+00
2.098725340844743492e+00
2.314418288116853670e-03
1.890700497838745960e-06
2.358611570327544549e-10
1.338099466232292210e-14
2.987883954828031182e-20
8.537440930470531601e-26
4.626176328296341256e-28
2.920148778478635729e-28
5.363044694499706394e-28
1.754103313674781541e-28
1.033961260763552007e-27
1.856887667274693259e-28
2.861480944040606943e-28
9.342815758193709028e-29
3.389361551422041243e-28
7.149320235674933666e-29
1.710676180335212430e-28
9.014955724982145095e-29
2.002985331376403166e-27
6.313564103987414286e-29
1.661385023576844226e-28
6.877961124340121464e-29
3.030591509558490495e-28
6.758504188124002226e-29
1.831672710346320063e-28
9.305856055252956728e-29
7.684671332212793419e-28
8.242571961921782304e-29
1.624793372113299774e-28
5.615289323914231852e-29
3.100239947560375733e-28
5.401355428869741387e-29
1.587371459054512756e-28
6.154746682509303202e-29
1.532785132548880699e-27
5.747520465023991600e-29
1.608411419573461945e-28
5.419031925506756165e-29
3.079986383888122748e-28
6.079906338636574964e-29
1.799602454581566369e-28
9.835032039837174073e-29
7.237912514568729351e-28
9.020720346870545955e-29
1.922689019638395301e-28
5.938172286463934530e-29
3.031382289967908471e-28
5.209888176992941434e-29
1.515617139458011598e-28
5.831308928338277700e-29
5.736403075796370515e-27
5.608912817062865760e-29
1.539235954465782950e-28
5.368774925683539653e-29
3.030817149562766745e-28
5.875177803643031413e-29
1.826619571563094785e-28
8.615934033125837162e-29
7.237912514568729351e-28
9.705471532120136069e-29
1.839362625343228301e-28
5.698004005505975882e-29
3.080390838887062169e-28
5.446497734853211664e-29
1.563430063215413445e-28
6.012549566664208432e-29
1.532785132548880699e-27
5.825815979111778479e-29
1.559004369276548657e-28
5.490555899418220822e-29
3.100561271310048553e-28
5.630243713751781928e-29
1.628116159584462954e-28
8.793517084683827763e-29
7.684671332212793419e-28
1.056353755665832717e-28
1.928507201792545652e-28
6.753231759841873691e-29
3.030632495474267885e-28
6.243360738049055185e-29
1.616036141785189587e-28
6.508744145832845219e-29
2.002985331376403166e-27
8.676379715249050133e-29
1.684313704503454511e-28
7.291071318713927168e-29
3.389376408556803351e-28
9.326147406733781487e-29
2.818897600523554832e-28
1.735239069603053226e-28
1.033961260763552007e-27
1.737703285818931781e-28
5.347457608297836184e-28
2.856820625284327993e-28
4.627479208275538293e-28
8.536712144294730495e-26
2.987888042082913285e-20
1.338099468010777228e-14
2.358611570327544549e-10
1.890700497838908167e-06
2.314418288116854971e-03
2.098725340844743936e+00
2.451459840333567008e+00
3.375968799919412504e+02
2.109971625284341371e+03
2.089059070666591197e+03
5.106405145385846481e+03
5.354983596557088276e+03
4.221228477551936521e+03
9.540987790522019623e+02
5.347239409828505430e+00
6.092106458897346709e-06
6.698503230175454535e-08
4.011052061172666264e-11
