2.252797843086759094e+06
3.804189707010857329e-11
6.472491788206343299e-08
6.062182710143012535e-06
5.375221036467119795e+00
9.990324505230859131e+02
4.381831053587341557e+03
5.134837197359909624e+03
4.936984274171944890e+03
1.913602235321880471e+03
2.353132597820969750e+03
3.692458728048408716e+02
2.597815697465394980e+00
2.237472061420499259e+00
2.474865719409400679e-03
1.997314622966841331e-06
2.481701387866345937e-10
1.416090955181233227e-14
3.186717842948329555e-20
9.030454410820848872e-26
4.634074138291293571e-28
2.922176871638880887e-28
5.437244477155916799e-28
1.796983173275211695e-28
1.045306713074483515e-27
1.934772444639422626e-28
2.887673869161947160e-28
9.518987898593591865e-29
3.413759729989044920e-28
7.057983474787803844e-29
1.705548049968546021e-28
9.382224812101676944e-29
2.006004096735829617e-27
6.458868816196511557e-29
1.693473504029039612e-28
6.926542521532657182e-29
3.039598893274934430e-28
6.757923382679747232e-29
1.823406264224040413e-28
9.446137169095943949e-29
7.875782609877296509e-28
8.251747180480068727e-29
1.644008791548509485e-28
5.621481083805062676e-29
3.100715893653552895e-28
5.369699647035870685e-29
1.616004253829154070e-28
6.146973798282300048e-29
1.536900850071788029e-27
5.672430813089756685e-29
1.612089273412824638e-28
5.417977601070171902e-29
3.081921071341334078e-28
6.070933134230075579e-29
1.828297642908687340e-28
9.644516006641828661e-29
7.185472294746932793e-28
8.899386002083522386e-29
1.937320553091848652e-28
5.974895317256779290e-29
3.044290893938490028e-28
5.272091121629280294e-29
1.515334900579091995e-28
5.633689721249399697e-29
5.951258040591836045e-27
5.441275610828230729e-29
1.531731366282824514e-28
5.424514209259732749e-29
3.044539391019147455e-28
5.865321849624922767e-29
1.825205619952892422e-28
8.526269031896745872e-29
7.185472294746932793e-28
9.571545618097927177e-29
1.890858861138550171e-28
5.825595442950643870e-29
3.082425020785183178e-28
5.380460456148901431e-29
1.561349104266015525e-28
5.925252836769911142e-29
1.536900850071788029e-27
5.805583867855674419e-29
1.582345809873340121e-28
5.444812238778979507e-29
3.100909983264727645e-28
5.628358838920289992e-29
1.652577868633894785e-28
8.812340303354073518e-29
7.875782609877296509e-28
1.073258933241562790e-28
1.926392614383310013e-28
6.741296282341403764e-29
3.039751893583193852e-28
6.219271546327006987e-29
1.639106213100333290e-28
6.697870142405530260e-29
2.006004096735829617e-27
9.123994910414433684e-29
1.675982254797081828e-28
7.175924447049634347e-29
3.413917540506351395e-28
9.451011991497545262e-29
2.851174833815138174e-28
1.824234172176958799e-28
1.045306713074483515e-27
1.773943257268304477e-28
5.415866053227649462e-28
2.874736070569467816e-28
4.634844793958947779e-28
9.030730891673175109e-26
3.186721057195456420e-20
1.416090957043340814e-14
2.481701387866345937e-10
1.997314622966924340e-06
2.474865719409406317e-03
2.237472061420499703e+00
2.597815697465394980e+00
3.692458728048408716e+02
2.353132597820970204e+03
1.913602235321880471e+03
4.936984274171944890e+03
5.134837197359909624e+03
4.381831053587341557e+03
9.990324505230859131e+02
5.375221036467119795e+00
6.062182710143635951e-06
6.472491788207861341e-08
3.804189707029219446e-11
