2.249005885688039474e+06
3.703699626918832684e-11
6.357338289114028769e-08
5.980005474477258680e-06
5.334184403145899367e+00
1.009929270236188700e+03
4.423688941366192012e+03
5.095921255283868049e+03
4.878271663202027412e+03
1.858075773099555818e+03
2.417509626017711525e+03
3.783023703093392669e+02
2.645331582453374963e+00
2.291619967360722931e+00
2.543085513238650414e-03
2.042925706290425817e-06
2.534048204825724541e-10
1.445621821114519566e-14
3.248405588835395309e-20
9.191864797948684146e-26
4.763018128444500976e-28
2.881420795923967287e-28
5.507681596405259134e-28
1.836455024829247613e-28
1.047766490160259570e-27
1.950842374681183418e-28
2.861820657398436759e-28
9.503300715519354266e-29
3.387368868659248276e-28
7.045008243283204145e-29
1.687859869973593180e-28
9.537260051289437593e-29
2.058892594956902926e-27
6.536977943005472262e-29
1.688191464642911775e-28
6.784771268136857413e-29
3.006774367664557894e-28
6.709051165586217698e-29
1.840126585147676788e-28
9.333415088152007321e-29
7.849817689773434139e-28
8.207996663902946183e-29
1.681196816910923304e-28
5.704116073875043474e-29
3.083945822677330470e-28
5.406004592832876860e-29
1.593944431427882736e-28
6.055615372062934744e-29
1.535788838991299743e-27
5.722999530964031107e-29
1.606224320631471044e-28
5.432773146655848798e-29
3.073172378455547233e-28
6.077868849538840964e-29
1.829715009588755621e-28
9.572292703430412961e-29
7.116944829851955532e-28
8.957654601898950013e-29
1.929994908780800960e-28
6.009328259940970174e-29
3.012116687547070604e-28
5.212530031242333597e-29
1.514676968609688715e-28
5.725554287561429650e-29
6.149875406707946092e-27
5.510370982613995186e-29
1.532084250629838331e-28
5.366593057508374099e-29
3.012122692788790905e-28
5.928510809125097828e-29
1.826269854731737559e-28
8.557552531659677214e-29
7.116944829851955532e-28
9.404986777232281454e-29
1.888201918581516514e-28
5.713722610031692429e-29
3.072781612315681908e-28
5.381410974199379927e-29
1.557079848068847587e-28
5.945036423454176722e-29
1.535788838991299743e-27
5.734647091061459584e-29
1.562105203935210481e-28
5.491193911919982982e-29
3.084198983217826757e-28
5.705216070013185589e-29
1.682527212927367851e-28
8.756703799502919657e-29
7.849817689773434139e-28
1.060469156098158721e-28
1.944312371464264235e-28
6.706721601661124155e-29
3.007066949132053874e-28
6.162453425398727997e-29
1.634473340360514603e-28
6.753376238194846501e-29
2.058892594956902926e-27
9.215942243567364837e-29
1.663420005872106949e-28
7.155919697044486783e-29
3.387670937018621928e-28
9.420615335175220251e-29
2.822531850345581859e-28
1.842491049595363016e-28
1.047766490160259570e-27
1.808473696170395212e-28
5.479737283207642727e-28
2.829391434369033206e-28
4.763857997485646475e-28
9.192016010165613210e-26
3.248408257690449257e-20
1.445621823190566704e-14
2.534048204825724541e-10
2.042925706290519838e-06
2.543085513238656920e-03
2.291619967360722931e+00
2.645331582453374963e+00
3.783023703093392669e+02
2.417509626017711980e+03
1.858075773099555818e+03
4.878271663202027412e+03
5.095921255283868049e+03
4.423688941366192012e+03
1.009929270236188927e+03
5.334184403145900255e+00
5.980005474477901578e-06
6.357338289117129704e-08
3.703699626922683597e-11
