2.228449932826667093e+06
3.237175940398392301e-11
5.745343438437524432e-08
5.674350748998381534e-06
5.139940903214283985e+00
1.065528894384599880e+03
4.507944758000260663e+03
5.158457956450545680e+03
4.690660516698540050e+03
1.792411194536665562e+03
2.581502383178766195e+03
4.119631964875217705e+02
2.974436268778102743e+00
2.754688357391612996e+00
3.194339960354958350e-03
2.591608119406358349e-06
3.284899501886964977e-10
1.891501608386677622e-14
4.200667582674593712e-20
1.197657158576083620e-25
5.965288617564140280e-28
2.875089560274808667e-28
6.421039030668056158e-28
1.913879546581784869e-28
1.039944705474015760e-27
2.195112953868388137e-28
2.908840446653557247e-28
9.379356700027137868e-29
3.488353789235617845e-28
7.188609325376968846e-29
1.727619822234891038e-28
1.035881505892527094e-28
2.013574881490906426e-27
6.703299867721244297e-29
1.675485892905176559e-28
6.950126716906173403e-29
3.019909363209820672e-28
6.689243568500608657e-29
1.845172451791652850e-28
9.460215106386329240e-29
7.703462803331985066e-28
8.278044678945704796e-29
1.715061568770334266e-28
5.671317316996595361e-29
3.090061052519393128e-28
5.394908520279760819e-29
1.609613763259198810e-28
6.036589947779433423e-29
1.536513929091039075e-27
5.719753002290008573e-29
1.628413875936298248e-28
5.390526371740595005e-29
3.052267602903692715e-28
6.230525330734014652e-29
1.807395663936786981e-28
9.595377079855913292e-29
7.086917249440112531e-28
8.896534198754640113e-29
1.912053136021665618e-28
5.992559812043849490e-29
3.015936957510743989e-28
5.207244338069647974e-29
1.530651808834704741e-28
5.656814731427824334e-29
5.927039815880685420e-27
5.426024536407703761e-29
1.541179993303082725e-28
5.300999500283323088e-29
3.016135849396806714e-28
5.893111692910280054e-29
1.808831671196450664e-28
8.443869366488318123e-29
7.086917249440112531e-28
9.692072809438812273e-29
1.853237640759457424e-28
5.854651836543478597e-29
3.052317023028358442e-28
5.423630286429724637e-29
1.584830053780701804e-28
5.955768948962956362e-29
1.536513929091039075e-27
5.717163958522621182e-29
1.575790023296949709e-28
5.460118585747143414e-29
3.089670678805261655e-28
5.671775644071243901e-29
1.697038790489110854e-28
8.851771091490260496e-29
7.703462803331985066e-28
1.080283157624289527e-28
1.945195284860440670e-28
6.704229196116377503e-29
3.019941391018193060e-28
6.276232693065643657e-29
1.625306073404362162e-28
6.878264255430008560e-29
2.013574881490906426e-27
1.009555172030558401e-28
1.694004127324806862e-28
7.286460866762708314e-29
3.488842915785008164e-28
9.278371674404725705e-29
2.868857513071724744e-28
2.074426695428634581e-28
1.039944705474015760e-27
1.883431131433596224e-28
6.404016169727324321e-28
2.795941386083962861e-28
5.966025485858642059e-28
1.197938451340316158e-25
4.200665750240370145e-20
1.891501612146691619e-14
3.284899501886964977e-10
2.591608119406300750e-06
3.194339960354962253e-03
2.754688357391613440e+00
2.974436268778103187e+00
4.119631964875217705e+02
2.581502383178766650e+03
1.792411194536665562e+03
4.690660516698540050e+03
5.158457956450545680e+03
4.507944758000260663e+03
1.065528894384600108e+03
5.139940903214283985e+00
5.674350748999055773e-06
5.745343438439653926e-08
3.237175940460988547e-11
