2.398719524131250102e+06
1.026328779686916977e-10
2.816108319740372149e-07
1.143439065066180031e-05
7.303511770194640818e+00
7.355652877292645826e+02
4.150375286699118078e+03
7.499885975439782669e+03
2.471705365689798327e+03
2.078310655865519948e+03
9.559444609020639518e+02
2.054802720078703828e+02
8.846251212330256131e-01
9.835199985342321094e-01
1.256982440340284656e-03
1.460033723051601708e-06
3.686629242937693215e-10
5.174975688881594341e-14
3.247213798101897807e-19
2.639289321684005358e-24
3.784805626900857815e-28
1.763930650068470980e-28
3.099083867603975499e-28
1.802401333107528703e-28
8.285028288388878989e-28
1.649957108591873817e-28
2.365214487386652507e-28
7.977829769223339157e-29
3.164050565051240202e-28
6.716013732725401488e-29
1.590436256785384474e-28
7.645643494998284031e-29
1.948259295802189387e-27
6.185003108692848768e-29
1.596348931354140497e-28
6.862302676097696446e-29
2.982992139744874966e-28
6.147797884461279435e-29
1.688633937366143022e-28
8.629100987151025846e-29
7.045991714118244675e-28
7.724555409857734618e-29
1.557678328875375944e-28
5.349496962281976884e-29
3.029514944662233940e-28
5.294490159870517525e-29
1.557149194534887291e-28
6.068141448400063403e-29
1.527615878684602854e-27
5.503450605218975730e-29
1.523766863050148780e-28
5.296701555519997856e-29
3.011777319063338112e-28
5.800019145162966972e-29
1.641421045285416341e-28
9.050684880131929040e-29
6.798817509422595668e-28
9.313834416267005856e-29
1.824255788320069871e-28
5.694184129806440387e-29
3.009896332370499082e-28
5.152505802337550262e-29
1.469239884629889053e-28
5.736398537760219388e-29
5.679271239093158095e-27
5.469181843364470360e-29
1.476291508086061114e-28
5.319445379185124493e-29
3.009785688494836910e-28
5.683765767623686579e-29
1.722034311891741060e-28
8.920756852983345762e-29
6.798817509422595668e-28
8.742756444201889451e-29
1.665247012901363288e-28
5.500455359684628019e-29
3.011811957605064103e-28
5.359880686889120622e-29
1.495355143951543164e-28
5.873696852296207089e-29
1.527615878684602854e-27
5.616505800122419840e-29
1.524301723864708731e-28
5.339030350455418756e-29
3.029139644401808945e-28
5.396962044397046478e-29
1.554563143738834974e-28
8.485982563226184540e-29
7.045991714118244675e-28
1.010897153190112628e-28
1.778608721255783484e-28
6.103547960513566700e-29
2.982866052120745918e-28
5.856363333176824950e-29
1.553355988074619378e-28
6.510400290907918024e-29
1.948259295802189387e-27
7.019866931640216221e-29
1.573974168017252680e-28
6.875329760985794342e-29
3.164943067722307060e-28
7.917932700483778097e-29
2.324717120263708745e-28
1.522300060347333482e-28
8.285028288388878989e-28
1.783937479537315482e-28
3.096707763946932622e-28
1.651454330413223536e-28
3.784456134342623773e-28
2.638527542875501588e-24
3.247217929298583863e-19
5.174975682491256816e-14
3.686629242937693215e-10
1.460033723052567114e-06
1.256982440340282921e-03
9.835199985342318874e-01
8.846251212330256131e-01
2.054802720078704112e+02
9.559444609020640655e+02
2.078310655865519948e+03
2.471705365689798327e+03
7.499885975439781760e+03
4.150375286699118988e+03
7.355652877292645826e+02
7.303511770194640818e+00
1.143439065066310982e-05
2.816108319741569112e-07
1.026328779682882921e-10
