2.398141665858160239e+06
1.025878664472442792e-10
2.764429334759919690e-07
1.132743643031587592e-05
7.208809902825316307e+00
7.185912017234276163e+02
4.181831964355041237e+03
7.429470463485318760e+03
2.470702378506870446e+03
2.048043574876739967e+03
9.633403535399939983e+02
2.011826392048423315e+02
8.660782034446878885e-01
9.611200863593863941e-01
1.221288748260524132e-03
1.393948454694742897e-06
3.467444359498925889e-10
4.806277197300731788e-14
2.981587584480313160e-19
2.399538726707112460e-24
3.731935634345080085e-28
1.767327484022627419e-28
3.064889824964366580e-28
1.800217309995578877e-28
8.252202854817897113e-28
1.633229219922874560e-28
2.348672795880746418e-28
7.985069143896276651e-29
3.137492715463696666e-28
6.528184647904630938e-29
1.595413018040176880e-28
7.665225519529372274e-29
1.995836952280985688e-27
6.035303322152179024e-29
1.568048620551199534e-28
6.689527172674775075e-29
3.001052305240374066e-28
6.103219380645790228e-29
1.682404308760502360e-28
8.669760340837659327e-29
7.041196872671680574e-28
7.851677486235482310e-29
1.560003372179855355e-28
5.393340172133019090e-29
3.010282641487588031e-28
5.188804270012321558e-29
1.550739164634930686e-28
6.175228480412056491e-29
1.523014283165114587e-27
5.575919806146993802e-29
1.529036344370981406e-28
5.236865524455719938e-29
2.967769168827173602e-28
5.809881724306852121e-29
1.666473098417131460e-28
8.982642058999065931e-29
6.902926690719791764e-28
9.278584323921718638e-29
1.832930656932996162e-28
5.681213581563623881e-29
2.959172708223070945e-28
5.073516864417277781e-29
1.491556310557737475e-28
5.720444292229967206e-29
5.719442582829250413e-27
5.454283174008737720e-29
1.500073017388644599e-28
5.276848088625555368e-29
2.958917278827453469e-28
5.665437346152100224e-29
1.728982656189041257e-28
8.734825899896567180e-29
6.902926690719791764e-28
8.871805324120032116e-29
1.696674227525195160e-28
5.443948768836574006e-29
2.967760113801870533e-28
5.319183054040761808e-29
1.493778622582503151e-28
5.958584029656736784e-29
1.523014283165114587e-27
5.647907185565157891e-29
1.522801914418479831e-28
5.262914260243006562e-29
3.010595233174852783e-28
5.413791624949889573e-29
1.554771813396914679e-28
8.485281061266784512e-29
7.041196872671680574e-28
1.003530269535693550e-28
1.778267704831934738e-28
6.109730333835987524e-29
3.001310670956334519e-28
5.743991264832608053e-29
1.522227680633965816e-28
6.349074023584076574e-29
1.995836952280985688e-27
7.078547209520112963e-29
1.578063814301492286e-28
6.670146664273914450e-29
3.138281052796053988e-28
7.913851085263162177e-29
2.307562945392557985e-28
1.500316767281937544e-28
8.252202854817897113e-28
1.781392966546082846e-28
3.059513836131919432e-28
1.657706857521848243e-28
3.731531627244946336e-28
2.398804086895911688e-24
2.981591669686563961e-19
4.806277191258526784e-14
3.467444359498925889e-10
1.393948454695725455e-06
1.221288748260521964e-03
9.611200863593866162e-01
8.660782034446878885e-01
2.011826392048423315e+02
9.633403535399942257e+02
2.048043574876739967e+03
2.470702378506870446e+03
7.429470463485319669e+03
4.181831964355042146e+03
7.185912017234277300e+02
7.208809902825316307e+00
1.132743643031731249e-05
2.764429334761170122e-07
1.025878664468603123e-10
