2.396479001175750513e+06
9.645268460135841713e-11
2.456050796872938922e-07
1.090983034079459618e-05
6.560536397402671582e+00
6.094661630725533996e+02
4.074561869228642536e+03
6.698828866131394534e+03
2.353350191538492709e+03
1.924821197971839410e+03
1.087100578724282741e+03
1.946422693433280244e+02
8.175085303909630507e-01
8.866626710094833719e-01
1.113956574301788348e-03
1.134049993788830397e-06
2.546476534936793838e-10
3.225270607682847639e-14
1.840342931722932078e-19
1.381320041527908600e-24
3.636935653209813773e-28
1.759351688448421475e-28
3.219843935161728773e-28
1.743179763488596023e-28
8.195805283433996036e-28
1.532634669635732079e-28
2.441708471717619101e-28
7.465154370901531581e-29
3.139982322669128445e-28
6.448480192977371786e-29
1.574411372416306906e-28
7.344537267644601764e-29
1.909135990173242114e-27
5.844373514375788088e-29
1.587629884063034432e-28
6.407831232643425024e-29
2.983249623970068855e-28
5.839922961738686546e-29
1.697870684724034553e-28
8.193706801504744925e-29
6.979114206974896467e-28
7.391778279976624187e-29
1.552449890255824453e-28
5.195469263006350223e-29
3.027677593162180939e-28
5.081606237199678628e-29
1.523860688914515764e-28
5.866682387438857529e-29
1.509567721869335912e-27
5.489950047151674580e-29
1.516526457789858470e-28
5.082443432936117748e-29
2.982394966902019137e-28
5.451066155892921482e-29
1.653221807210939115e-28
8.496681385805244392e-29
6.862489868453862421e-28
8.942441790837770615e-29
1.785133502070886127e-28
5.492585121506773795e-29
2.983729427072594102e-28
4.997476190590700568e-29
1.475532187723378313e-28
5.578068181776106491e-29
5.578433670259532195e-27
5.339298543161541603e-29
1.489701955259179347e-28
5.151588145341791063e-29
2.983469752876445645e-28
5.494039646671623992e-29
1.688232658154075273e-28
8.324952472605889310e-29
6.862489868453862421e-28
8.492527264300625166e-29
1.684644905797718510e-28
5.280303962945488541e-29
2.982301031107985760e-28
5.112318236618794564e-29
1.487118586182699968e-28
5.776673109954203897e-29
1.509567721869335912e-27
5.467557942419743808e-29
1.491529910332702224e-28
5.121576285053466539e-29
3.027564918092112179e-28
5.219165952403408774e-29
1.541314604060477630e-28
8.110138647026279644e-29
6.979114206974896467e-28
9.769968066771939755e-29
1.783361335653760345e-28
5.816742926959500773e-29
2.983392734609812422e-28
5.588756695312671200e-29
1.541980403257285112e-28
6.101755306804173658e-29
1.909135990173242114e-27
6.871629183345716757e-29
1.558859445068780795e-28
6.617504955495228637e-29
3.140559191249038844e-28
7.396366540818909488e-29
2.398361146215303889e-28
1.424201463765633432e-28
8.195805283433996036e-28
1.721120168812686096e-28
3.218828893968511989e-28
1.667245673767073363e-28
3.636904872491450817e-28
1.380812059760279536e-24
1.840345924157399824e-19
3.225270602855064969e-14
2.546476534936793838e-10
1.134049993789566468e-06
1.113956574301784011e-03
8.866626710094839270e-01
8.175085303909630507e-01
1.946422693433280813e+02
1.087100578724282741e+03
1.924821197971839410e+03
2.353350191538492709e+03
6.698828866131394534e+03
4.074561869228643445e+03
6.094661630725536270e+02
6.560536397402671582e+00
1.090983034079607171e-05
2.456050796874424406e-07
9.645268460070500907e-11
