2.398453614465390798e+06
8.100238386775511784e-11
2.101617495143720223e-07
1.034315251399281444e-05
5.801498163832395250e+00
5.233210987855055691e+02
3.803234709186855071e+03
6.093356019610903786e+03
2.463227908805599327e+03
1.986725976337424072e+03
1.273165313337053476e+03
2.190458449925705224e+02
9.101876547632988812e-01
8.787030442520422646e-01
1.118376430022386759e-03
9.628855022254103471e-07
1.757406272342866677e-10
1.846892150918650699e-14
8.826271190871181466e-20
5.602493557308784418e-25
3.553096525709726409e-28
1.809748049748444142e-28
3.374568604613584976e-28
1.606510161869504202e-28
7.868248497779504797e-28
1.493250961919064185e-28
2.409835096362402541e-28
7.157603443873183523e-29
3.144257729049476766e-28
6.464668804719282867e-29
1.596008958241859273e-28
7.456818021350030977e-29
1.928393222891926696e-27
5.845787759535859154e-29
1.565390225174152843e-28
6.319963902951741214e-29
2.954401828233164140e-28
5.980346286654656609e-29
1.700151588637124933e-28
8.438871265007019010e-29
7.084935205497124815e-28
7.320036415339547358e-29
1.547410493458862494e-28
5.125343350030473910e-29
2.982255771382772788e-28
4.995439384618437348e-29
1.518495974092317231e-28
5.925721635644156333e-29
1.509992238927382196e-27
5.335791518488233684e-29
1.523859684566556509e-28
4.992858144433986346e-29
3.000867648974355596e-28
5.443011163951416280e-29
1.693133590526502958e-28
8.404173857417588610e-29
6.756227520076531091e-28
8.759550033831093909e-29
1.798196688883833739e-28
5.377281458067169340e-29
2.969986864546504032e-28
4.951034943857973014e-29
1.454624460765936491e-28
5.338604841791351771e-29
5.637257116244990376e-27
5.101218894916996451e-29
1.467225736386006175e-28
5.079476969416105696e-29
2.969743923914320720e-28
5.414572677354353512e-29
1.716392562979832284e-28
8.500555554192226931e-29
6.756227520076531091e-28
8.236786832510131498e-29
1.722115481723447145e-28
5.236134245828920977e-29
3.000631133647671915e-28
5.058002181405416056e-29
1.492437805020074108e-28
5.692126267243826391e-29
1.509992238927382196e-27
5.472579892532719366e-29
1.493940863040487415e-28
5.028273888074114303e-29
2.982167507959757234e-28
5.162274656156438751e-29
1.551578620358510653e-28
7.913507256444474081e-29
7.084935205497124815e-28
1.005146872038014880e-28
1.788442718908319321e-28
5.936497490917582747e-29
2.954636206931099059e-28
5.605807176610790716e-29
1.524213633125555340e-28
6.135161340861944116e-29
1.928393222891926696e-27
6.968671609600881400e-29
1.581605349456884037e-28
6.623059051434135246e-29
3.145053707281794742e-28
7.120268007859234320e-29
2.361688537129452539e-28
1.406020604674809214e-28
7.868248497779504797e-28
1.576267746535054190e-28
3.383459545084504941e-28
1.709946798409836603e-28
3.552593409258763628e-28
5.601346240575759955e-25
8.826283077974916646e-20
1.846892147982226420e-14
1.757406272342866677e-10
9.628855022261061846e-07
1.118376430022381554e-03
8.787030442520422646e-01
9.101876547632988812e-01
2.190458449925705793e+02
1.273165313337053703e+03
1.986725976337424072e+03
2.463227908805599327e+03
6.093356019610904696e+03
3.803234709186855071e+03
5.233210987855055691e+02
5.801498163832396138e+00
1.034315251399459152e-05
2.101617495144545021e-07
8.100238386610957126e-11
