2.398483236514755525e+06
7.942533959617539017e-11
2.070708303834934858e-07
1.025334084242166091e-05
5.728173436518132711e+00
5.295120838391998177e+02
3.862703565911445367e+03
6.022859567915490516e+03
2.512420886009741480e+03
2.011568824233803070e+03
1.251015945713900010e+03
2.169314569742218168e+02
9.145624123257425353e-01
8.703909362548117867e-01
1.107383727675902586e-03
9.444493739291762622e-07
1.695158394804537016e-10
1.755852463357183157e-14
8.284433554593047075e-20
5.190685253666887372e-25
3.579891480862551611e-28
1.813657129370704429e-28
3.354069291973418081e-28
1.599191704860300152e-28
7.938832131804917273e-28
1.487819218891082264e-28
2.362633380500421969e-28
7.258652901161909226e-29
3.134516527640114737e-28
6.452392395731347402e-29
1.580224355163493823e-28
7.447499851086670590e-29
2.010276007504197530e-27
5.800430279793699137e-29
1.566538358270817794e-28
6.387916586843249606e-29
2.978439094816493374e-28
5.986654153619671466e-29
1.712038085278681366e-28
8.368502973492203508e-29
6.966048686632587988e-28
7.216025499837304131e-29
1.539408457036906155e-28
5.159370427597950158e-29
2.960544992697379741e-28
5.004428487527011717e-29
1.505634787580244176e-28
5.935262288046278474e-29
1.504065819491068644e-27
5.293667475038143231e-29
1.506490145597641587e-28
5.061435591843851538e-29
2.945785055098987382e-28
5.577079451881069045e-29
1.662969548021228410e-28
8.292520671251080568e-29
6.777250171890727426e-28
8.778596584680313359e-29
1.808806222468480695e-28
5.396353486759656665e-29
2.934883356243283282e-28
4.866249184064574620e-29
1.472944469773430958e-28
5.360841874000202558e-29
5.827031198647471601e-27
5.149074513478360397e-29
1.488084349107867109e-28
5.047601111663852191e-29
2.934710276933329805e-28
5.410270441981426530e-29
1.727058150902935265e-28
8.324194661231764757e-29
6.777250171890727426e-28
8.168633092071676620e-29
1.708064299091428351e-28
5.289003295278824990e-29
2.945078635189686863e-28
5.067774584666552788e-29
1.471843691883061067e-28
5.595820145357466289e-29
1.504065819491068644e-27
5.532951954264498819e-29
1.485730037560601667e-28
5.048844720586577331e-29
2.960215170623434667e-28
5.174138332141103030e-29
1.542981489679549421e-28
7.907418609229943039e-29
6.966048686632587988e-28
9.723485149085139723e-29
1.801433842690165582e-28
5.895153958675604159e-29
2.978736231502268188e-28
5.666678460660391348e-29
1.525216076256557436e-28
6.083852257572124618e-29
2.010276007504197530e-27
7.017130799264633301e-29
1.570146423685827181e-28
6.618073916175405190e-29
3.135099809831263536e-28
7.209141849563725395e-29
2.325591250416712082e-28
1.403714519397689483e-28
7.938832131804917273e-28
1.567628342796012790e-28
3.354222039034375687e-28
1.706361865387924061e-28
3.579623443388813117e-28
5.189736852227508331e-25
8.284443886230645101e-20
1.755852459857008267e-14
1.695158394804537016e-10
9.444493739298405478e-07
1.107383727675897381e-03
8.703909362548116757e-01
9.145624123257425353e-01
2.169314569742218168e+02
1.251015945713900010e+03
2.011568824233803525e+03
2.512420886009741480e+03
6.022859567915492335e+03
3.862703565911445367e+03
5.295120838391998177e+02
5.728173436518132711e+00
1.025334084242333465e-05
2.070708303835708305e-07
7.942533959453279041e-11
