2.397716828965046443e+06
7.434471974603958620e-11
1.952150913013667032e-07
9.948979435628772035e-06
5.586685922154527972e+00
5.528222330319001685e+02
4.010604684879270735e+03
5.851238686972656069e+03
2.695307392457036713e+03
2.079721847427483681e+03
1.176877794068708681e+03
2.093986082992978481e+02
9.116732397147094824e-01
8.360479710410010368e-01
1.060816682001318283e-03
8.796947257547246186e-07
1.504992866771425722e-10
1.499631470700505334e-14
6.846555635825904349e-20
4.137565644515146108e-25
3.512576727221301957e-28
1.843255627197949966e-28
3.266202019270504990e-28
1.599174603293789041e-28
8.020717066917400413e-28
1.509470913581304746e-28
2.378770618384328722e-28
7.225335082471890453e-29
3.155977853152126092e-28
6.640831350962467340e-29
1.602951216361511965e-28
7.450495117552280724e-29
2.004273229035506163e-27
5.818570156730456359e-29
1.577383512030584782e-28
6.250939251884356783e-29
2.998957806131142165e-28
5.929627770673037098e-29
1.743349256438426419e-28
8.685535282337639082e-29
7.039416377473502344e-28
7.569198276608130108e-29
1.567676254701748362e-28
5.225004563221412027e-29
2.991944282206145456e-28
5.011599749103719579e-29
1.524090336356541936e-28
5.850512913862402378e-29
1.519942038441144633e-27
5.415733611118391176e-29
1.507657445003936772e-28
5.048948036741203043e-29
2.955818112717369226e-28
5.516670313898690600e-29
1.676837477500763346e-28
8.791873120276880923e-29
6.786760275283046976e-28
8.897703243621155056e-29
1.819333329815854597e-28
5.429436817354884348e-29
2.966478445204306212e-28
4.918004890813209353e-29
1.468707120897258369e-28
5.346232942275439341e-29
5.726294309126380420e-27
5.152087058908322153e-29
1.481202519027649117e-28
5.058230743070972453e-29
2.966590020227422657e-28
5.434675734375116835e-29
1.725112249272654127e-28
8.544371857309807624e-29
6.786760275283046976e-28
8.668059671346797473e-29
1.702914818713674807e-28
5.294660989054916305e-29
2.956139781699867742e-28
5.061031136971011939e-29
1.475293562146150489e-28
5.754518892472786375e-29
1.519942038441144633e-27
5.446701455929617638e-29
1.493732942086314749e-28
5.063451278957464755e-29
2.991636160768330780e-28
5.273446635535658264e-29
1.561102889253546041e-28
8.259162377487701490e-29
7.039416377473502344e-28
1.005742145112845567e-28
1.838000506125438149e-28
5.934059102276025920e-29
2.998638973308924256e-28
5.635877016408484290e-29
1.533861304860355981e-28
6.098413137559289594e-29
2.004273229035506163e-27
7.064125552787160342e-29
1.587892173387320797e-28
6.799187351431744691e-29
3.156395121015360238e-28
7.174170700563699567e-29
2.337191198272555693e-28
1.414854824822174101e-28
8.020717066917400413e-28
1.558595268039637923e-28
3.264349011107547155e-28
1.740516903345479695e-28
3.512561572947867531e-28
4.137174430119732166e-25
6.846562458336825844e-20
1.499631467691772487e-14
1.504992866771425722e-10
8.796947257553787398e-07
1.060816682001313946e-03
8.360479710410012588e-01
9.116732397147094824e-01
2.093986082992978766e+02
1.176877794068708909e+03
2.079721847427483681e+03
2.695307392457036713e+03
5.851238686972656069e+03
4.010604684879270735e+03
5.528222330319001685e+02
5.586685922154528861e+00
9.948979435630405114e-06
1.952150913014183193e-07
7.434471974449123334e-11
