2.395618824919734616e+06
6.924596180686163943e-11
1.800225026441475296e-07
9.663300927417837072e-06
5.654489790104785918e+00
5.758589026804299920e+02
4.138255044101537351e+03
5.541651478098921871e+03
2.964840230908831018e+03
2.207047604550180040e+03
1.129290230831432382e+03
2.069069603714387711e+02
8.950348074003183774e-01
7.899299019808466715e-01
9.879421614665566051e-04
7.897489316902507232e-07
1.262271242399349881e-10
1.185757701756250996e-14
5.155741366984867306e-20
2.960286630738927337e-25
3.507920836310033608e-28
1.810116618354313939e-28
3.377361136217777435e-28
1.674681742330296146e-28
8.018844387007454100e-28
1.571669127454821969e-28
2.438055947048177251e-28
7.188894845176031190e-29
3.138143043897427462e-28
6.775955827899646048e-29
1.590142954322540498e-28
7.711623859706484456e-29
1.948573099102844519e-27
5.838707796103143769e-29
1.587249345616341218e-28
6.280331843426877918e-29
2.966624002759629694e-28
6.145106404832262159e-29
1.740043866899762399e-28
8.791602902285211655e-29
7.010831885739484353e-28
7.617385174880753962e-29
1.568214675782950444e-28
5.246176445208969307e-29
2.985773772775734727e-28
5.048577909538576812e-29
1.528267672864466482e-28
5.921877817959137985e-29
1.517282580338983108e-27
5.289050489725840345e-29
1.526114945792911799e-28
5.070658603328547443e-29
2.987762381945510453e-28
5.513826476387171987e-29
1.669508111102910659e-28
8.653280346201951354e-29
6.839532538914184394e-28
8.772888809445610131e-29
1.833211765339733308e-28
5.435455651817938252e-29
2.992517301952334116e-28
4.874390554113653753e-29
1.467646093640043258e-28
5.353369069046916496e-29
5.710967599369795213e-27
5.160024661075956817e-29
1.478453724890729243e-28
5.035220329966938671e-29
2.992220919952783469e-28
5.475253443363567990e-29
1.733763603958979905e-28
8.574963689543690818e-29
6.839532538914184394e-28
8.481919562605242506e-29
1.691280244342366552e-28
5.330736244410478735e-29
2.988247220359460065e-28
5.097572575714119194e-29
1.493856564225506386e-28
5.651529955753192827e-29
1.517282580338983108e-27
5.513819798694955907e-29
1.500365769366254305e-28
5.112254093289917409e-29
2.985857996314129926e-28
5.284477142780996100e-29
1.566249418279646801e-28
8.310236961269398293e-29
7.010831885739484353e-28
1.035341849404342208e-28
1.832224366882660633e-28
6.058032163775225873e-29
2.966216230515102226e-28
5.645985519578613923e-29
1.542202854986618886e-28
6.128189779546973177e-29
1.948573099102844519e-27
7.263728870423665488e-29
1.576928755586453569e-28
6.913808166828985146e-29
3.138622455506489048e-28
7.125054830812320374e-29
2.394395517063583569e-28
1.477083880639473782e-28
8.018844387007454100e-28
1.633352631315560278e-28
3.372439578821838414e-28
1.712106716031419882e-28
3.507377430094681734e-28
2.960559186328247529e-25
5.155745425266017798e-20
1.185757699864721580e-14
1.262271242399349881e-10
7.897489316908902331e-07
9.879421614665518346e-04
7.899299019808465605e-01
8.950348074003183774e-01
2.069069603714387995e+02
1.129290230831432382e+03
2.207047604550180040e+03
2.964840230908831018e+03
5.541651478098922780e+03
4.138255044101538260e+03
5.758589026804299920e+02
5.654489790104786806e+00
9.663300927419568408e-06
1.800225026441839785e-07
6.924596180542555049e-11
