2.382891903353611007e+06
6.288918880711292513e-11
1.545210086865080412e-07
8.984955012791398361e-06
5.951018857601836132e+00
6.772321991603836295e+02
4.908955735611661112e+03
5.305089380941493800e+03
3.736757953812144478e+03
2.354530153495386912e+03
1.191292340083675526e+03
2.047854899893952734e+02
9.149694695945249645e-01
7.922675932163463219e-01
9.600533512739523002e-04
7.713060040822160878e-07
1.138815993706105679e-10
9.399623342203783590e-15
3.552537930228943598e-20
1.756779391530396670e-25
3.553942906607238913e-28
2.588320519433389978e-28
3.722556019036157037e-28
2.141881519469769608e-28
8.478979184910589257e-28
1.641751277010092978e-28
2.855183307854391354e-28
8.182859146702810804e-29
3.201088188570657491e-28
6.899504671909468187e-29
1.671816178263975143e-28
8.559470067326048918e-29
1.905205090775870946e-27
6.266910345008695182e-29
1.622898839836007139e-28
6.634568400932480107e-29
3.023782568014439990e-28
6.310639894799226630e-29
1.763236165069588949e-28
8.794343088879785695e-29
7.199162093362412938e-28
8.516863511789168021e-29
1.572889870836157214e-28
5.492538456479798886e-29
3.036875935920807939e-28
5.277885773942572252e-29
1.568501415730971837e-28
5.999173210648882096e-29
1.538455821633298038e-27
5.526627269366673371e-29
1.542799748449698185e-28
5.292007073346329374e-29
3.011921442228834473e-28
5.781784987712180625e-29
1.749627223710922976e-28
9.369796231906722864e-29
6.934915150528790573e-28
8.740510290846293269e-29
1.890427343418831815e-28
5.663074487303738872e-29
2.951963147298630915e-28
5.068274152359566879e-29
1.493380768593896546e-28
5.564033136826786915e-29
5.522807357673047685e-27
5.354495227654721887e-29
1.499990153664034322e-28
5.169809421161219685e-29
2.952029422823048250e-28
5.670353599929360717e-29
1.773768471780814945e-28
8.445738780741492805e-29
6.934915150528790573e-28
9.181442988210447777e-29
1.758954213833307759e-28
5.541782571859082631e-29
3.012195296260262642e-28
5.341926816105296725e-29
1.514339521793152027e-28
5.822931471273678816e-29
1.538455821633298038e-27
5.642516960020812840e-29
1.527807324774824553e-28
5.341287713162996211e-29
3.036865485903536975e-28
5.524774262033803043e-29
1.570285750432629334e-28
9.137968124943000510e-29
7.199162093362412938e-28
1.026057086843563844e-28
1.869905146994603138e-28
6.209278690971064295e-29
3.023976853609455688e-28
5.991713868205707346e-29
1.564033688152642312e-28
6.468811727687496616e-29
1.905205090775870946e-27
8.072953809809455897e-29
1.651777416447163322e-28
7.034037520832388012e-29
3.201798803964343266e-28
8.101188300993830628e-29
2.809277652691381702e-28
1.546726835960140006e-28
8.478979184910589257e-28
2.116403791250443270e-28
3.721358732422416019e-28
2.462696631206484501e-28
3.553786841842804973e-28
1.757412101485711996e-25
3.552538857161867601e-20
9.399623333731262851e-15
1.138815993706105679e-10
7.713060040829823350e-07
9.600533512739492644e-04
7.922675932163463219e-01
9.149694695945249645e-01
2.047854899893952449e+02
1.191292340083675526e+03
2.354530153495386458e+03
3.736757953812144478e+03
5.305089380941493800e+03
4.908955735611661112e+03
6.772321991603836295e+02
5.951018857601836132e+00
8.984955012792885751e-06
1.545210086865328963e-07
6.288918880664616262e-11
