2.381273717674759217e+06
6.236530130931891215e-11
1.517095618086176694e-07
8.854183506028564450e-06
5.939346916001541743e+00
6.835750792770944599e+02
4.953645258132300114e+03
5.224322684929113166e+03
3.828107787528896552e+03
2.343518258653812609e+03
1.200444376930798171e+03
2.037921763609607240e+02
9.141780109557602341e-01
7.918705165602386575e-01
9.587741652051687919e-04
7.754161546033452371e-07
1.138879051569751435e-10
9.267272589642502377e-15
3.444004401557627951e-20
1.677784492004529647e-25
3.595928166103795654e-28
2.574548771438648265e-28
3.747811630923075955e-28
2.186885623266964600e-28
8.497745714806033966e-28
1.670355770281229531e-28
2.881863313210051531e-28
8.157804261615239153e-29
3.209107158087308571e-28
7.002867609078486158e-29
1.695270191574284513e-28
8.847610680696259845e-29
1.937214750622622356e-27
6.289306950357241295e-29
1.632225448039471538e-28
6.724136014562176597e-29
2.988698526132946196e-28
6.377465573160765961e-29
1.790242097361312182e-28
8.856092243942849811e-29
7.277838394507395534e-28
8.418775725468316603e-29
1.601092225586837469e-28
5.465892249258794078e-29
3.004298117213115646e-28
5.247251432111911660e-29
1.584877597266642124e-28
6.135308623368662385e-29
1.519667398917872041e-27
5.611331855375842381e-29
1.553175558198539940e-28
5.206002631427067952e-29
3.031724453019128516e-28
5.766681404160905717e-29
1.762852817960884111e-28
9.331279184743387665e-29
6.967537907158983143e-28
8.733055078586382801e-29
1.914926376604809309e-28
5.745152533691954571e-29
3.011822287059866590e-28
5.091113933093623257e-29
1.496861729552436166e-28
5.523483851972647504e-29
5.619454157262742946e-27
5.326452456873958677e-29
1.512438715987389177e-28
5.283596962781506965e-29
3.011691434600636112e-28
5.763170195280011043e-29
1.802740914091079153e-28
8.457653493880800016e-29
6.967537907158983143e-28
9.111263489298051785e-29
1.788065352320327701e-28
5.554063122526753582e-29
3.031754647211906180e-28
5.222711802802758217e-29
1.521364229165966723e-28
5.915728067177520100e-29
1.519667398917872041e-27
5.794388971611494223e-29
1.543048995068051156e-28
5.301822734402502192e-29
3.004246665006097667e-28
5.481250127497858103e-29
1.592943540574570323e-28
9.023041020346669746e-29
7.277838394507395534e-28
1.024237368906615537e-28
1.911813552246338593e-28
6.267220353418161047e-29
2.988934271991217175e-28
6.096752677224734728e-29
1.579463569415633798e-28
6.543035109865584643e-29
1.937214750622622356e-27
8.271940671037812369e-29
1.672514991688743873e-28
7.126489852701240642e-29
3.209346555618149010e-28
8.084059590032682185e-29
2.831922164126919888e-28
1.594784793608523892e-28
8.497745714806033966e-28
2.157467830137590797e-28
3.742835204372041139e-28
2.449884341364823690e-28
3.596035457615059486e-28
1.678482058180849503e-25
3.444005000333730865e-20
9.267272581952594765e-15
1.138879051569751435e-10
7.754161546041108490e-07
9.587741652051652141e-04
7.918705165602383245e-01
9.141780109557604561e-01
2.037921763609607240e+02
1.200444376930798171e+03
2.343518258653813064e+03
3.828107787528896552e+03
5.224322684929112256e+03
4.953645258132300114e+03
6.835750792770945736e+02
5.939346916001541743e+00
8.854183506030021347e-06
1.517095618086418628e-07
6.236530130876165091e-11
