2.342392621243226342e+06
5.721023174850316667e-11
8.992345972344610349e-08
6.830633227260081275e-06
4.530071030614827521e+00
6.318319989697662322e+02
4.017045093393802745e+03
5.284049086556044131e+03
4.461087344513242897e+03
2.316267757298985998e+03
1.099866532925805132e+03
2.112070419439220359e+02
1.398632192912897532e+00
1.182844729755919477e+00
1.347873144319969470e-03
1.172370871758398247e-06
1.670366856775404521e-10
1.151895086399595183e-14
3.312232489716646499e-20
1.227520885348246084e-25
4.504339724643268538e-28
3.474078881039688356e-28
5.230312842596183766e-28
2.163005223841004641e-28
1.016123048934250668e-27
1.920783745701075056e-28
3.584607104233506902e-28
9.471322641512187777e-29
3.282862435660129514e-28
7.679096146145975479e-29
1.725611211586267000e-28
8.890236974033340082e-29
2.011288646986613389e-27
6.540258610061704559e-29
1.625172267264336777e-28
6.844539572201815169e-29
3.016945181786374988e-28
6.398159298817689608e-29
1.849638110323077923e-28
8.967474055827291317e-29
7.459318876348554959e-28
8.503481091026768394e-29
1.587521408472127524e-28
5.374607663720504242e-29
3.054653946506996449e-28
5.236182860003118906e-29
1.538805234788811219e-28
5.914985335962704402e-29
1.514466784124797697e-27
5.558456407808544542e-29
1.560630148178688164e-28
5.264122791015126266e-29
3.047199259311258086e-28
5.821837165623980933e-29
1.758409093221025665e-28
9.421799273190222756e-29
7.175732372448670240e-28
8.946516996174208790e-29
1.851102392702986312e-28
5.551972594007021794e-29
3.008220949226411064e-28
5.076964436642563364e-29
1.489073217838394016e-28
5.553696775405092675e-29
5.816694732077932025e-27
5.328456231248634924e-29
1.503125233835392973e-28
5.238351198495820311e-29
3.008226512573746120e-28
5.515935144928746034e-29
1.754378690127652481e-28
8.687087742371303390e-29
7.175732372448670240e-28
9.299251216809264048e-29
1.783317875195531180e-28
5.523656791411956201e-29
3.047496673490511030e-28
5.283010918392603041e-29
1.527841547787951948e-28
5.845982229297977720e-29
1.514466784124797697e-27
5.570896492440216589e-29
1.509745277494413495e-28
5.313326201867179244e-29
3.054649824029005173e-28
5.385215554071599415e-29
1.576253050007607807e-28
9.028902849731108353e-29
7.459318876348554959e-28
1.037136739161195596e-28
1.955129479478088338e-28
6.329110669862157734e-29
3.016978009073380546e-28
6.108442080049701811e-29
1.582654127471896784e-28
6.782855614980852571e-29
2.011288646986613389e-27
8.543810183864502742e-29
1.710933426583664387e-28
7.893572762644589031e-29
3.283044142789593376e-28
9.375511231555179566e-29
3.553990368132722363e-28
1.852960992777151366e-28
1.016123048934250668e-27
2.132849229390661317e-28
5.226010328797983784e-28
3.411650681085653611e-28
4.505178651844982528e-28
1.227790930627673234e-25
3.312233908921757723e-20
1.151895087509164650e-14
1.670366856775404521e-10
1.172370871758657439e-06
1.347873144319966651e-03
1.182844729755919477e+00
1.398632192912897532e+00
2.112070419439220359e+02
1.099866532925805132e+03
2.316267757298985998e+03
4.461087344513242897e+03
5.284049086556044131e+03
4.017045093393802745e+03
6.318319989697662322e+02
4.530071030614826633e+00
6.830633227260854616e-06
8.992345972353269937e-08
5.721023174948878468e-11
