2.400898888796669431e+06
1.050467705081442606e-10
3.016745803876696868e-07
1.160145120609854555e-05
7.693343609085551371e+00
7.903304101098343608e+02
3.962982988102649415e+03
7.496041487832124403e+03
2.489422176989675336e+03
2.200381163937782276e+03
9.412578263939428780e+02
2.239851239462267358e+02
9.550162937276504005e-01
1.084122114865527564e+00
1.435828264684678793e-03
1.791926710332610207e-06
4.798975997476044759e-10
7.057546634965759457e-14
4.614747097340657435e-19
3.891459926618478886e-24
4.005597764897852053e-28
1.790172004109691021e-28
3.090120090615963854e-28
1.830060589454834616e-28
8.436072978273295119e-28
1.770565627005661818e-28
2.359159263924485987e-28
8.238277346857186373e-29
3.172058290285579741e-28
6.942779996982506004e-29
1.605496241491276893e-28
7.850071191513452786e-29
1.973422668636967235e-27
6.268557082671550039e-29
1.586157510061246435e-28
6.847078002286147279e-29
3.006746391588136865e-28
6.330206699348213226e-29
1.663258316018012855e-28
8.892045221910979705e-29
7.012436123526186531e-28
7.758898908336286067e-29
1.550715216138728631e-28
5.387633457446591916e-29
3.030108760156593856e-28
5.217985695031947292e-29
1.552438847036330325e-28
6.140922246042024822e-29
1.525256074965940061e-27
5.549031203883263867e-29
1.517392558621035969e-28
5.250296625497058025e-29
3.007771821661686907e-28
5.792633291426386339e-29
1.646773478874766967e-28
9.062826327922541005e-29
6.910394801034071014e-28
9.604008889162020398e-29
1.795869207796789394e-28
5.820708998372606629e-29
2.996021211569467833e-28
5.135242389711746329e-29
1.466967449975221367e-28
5.705282523857425182e-29
5.671286570952981842e-27
5.448697485925222131e-29
1.480266646286196954e-28
5.304986867144668329e-29
2.995961468475213844e-28
5.753999149030432095e-29
1.697227988398308660e-28
8.943602441900995195e-29
6.910394801034071014e-28
8.818713432969965884e-29
1.668278908269380856e-28
5.508744960431215651e-29
3.007695431123316815e-28
5.322784640038759852e-29
1.488754147420834659e-28
5.883124240563078879e-29
1.525256074965940061e-27
5.696307350728244821e-29
1.520739038097361596e-28
5.267024387957169868e-29
3.030052071678628407e-28
5.387641745447973914e-29
1.549578336175763066e-28
8.567788057538852312e-29
7.012436123526186531e-28
1.087803016336991177e-28
1.763547851291662953e-28
6.197037586904220744e-29
3.006448410470522112e-28
5.846033858151763774e-29
1.542296117481350992e-28
6.616527039819066078e-29
1.973422668636967235e-27
7.172661058328435014e-29
1.590084425818126618e-28
7.152142673792387123e-29
3.172595564379760211e-28
8.192490213380331592e-29
2.315023062915995350e-28
1.615236257236526149e-28
8.436072978273295119e-28
1.822618853523174372e-28
3.087316495942441485e-28
1.668064869775587854e-28
4.005019501340092571e-28
3.890665553227994611e-24
4.614752314146702620e-19
7.057546629874583704e-14
4.798975997476044759e-10
1.791926710333784618e-06
1.435828264684679010e-03
1.084122114865527564e+00
9.550162937276504005e-01
2.239851239462267927e+02
9.412578263939428780e+02
2.200381163937782730e+03
2.489422176989675336e+03
7.496041487832124403e+03
3.962982988102648960e+03
7.903304101098343608e+02
7.693343609085551371e+00
1.160145120609986353e-05
3.016745803877333202e-07
1.050467705078690162e-10
