2.324173175499395002e+06
5.221706344474150099e-11
8.175663766780957903e-08
5.941546331706661192e-06
4.185559530509857851e+00
6.849542962419731111e+02
4.040512043702658502e+03
5.472475393991650890e+03
4.706011326279686728e+03
2.444038588738599628e+03
1.319131240922170264e+03
2.320145864840505396e+02
1.723993293820637707e+00
1.493036408494796463e+00
1.716741027487389245e-03
1.495657200891903771e-06
2.074315702310858187e-10
1.358317447352224518e-14
3.636155106257243206e-20
1.255103333585017869e-25
4.560323367765282284e-28
3.041811181189485406e-28
5.306617810507831882e-28
2.091930210553146172e-28
9.815601865735533279e-28
1.824368643893123583e-28
3.059428203578291769e-28
8.825322819928549972e-29
3.244638284815515331e-28
7.505893090371331430e-29
1.714936700632681248e-28
8.517042973756370072e-29
1.992741123214386921e-27
6.320022230028565118e-29
1.626741111098390145e-28
6.842544486786514494e-29
2.991995763915572621e-28
6.659539605936038334e-29
1.826946701230113970e-28
9.029339229870692936e-29
7.429134236689591787e-28
8.163735792466927493e-29
1.603683841718138008e-28
5.475971481252464638e-29
3.053475909096212930e-28
5.209987727734766926e-29
1.549208498616948286e-28
5.956856649658079243e-29
1.551746826115801766e-27
5.540405484405903109e-29
1.564756733234034365e-28
5.315798669788512787e-29
3.066396578818263534e-28
5.714505780228357013e-29
1.733974428442860371e-28
9.371951286510133228e-29
7.015433426827059372e-28
9.012753822082766404e-29
1.876937119329361378e-28
5.697679201591372739e-29
2.986312639241595329e-28
5.080613367462269185e-29
1.487775528068242667e-28
5.579228224438092492e-29
5.836723141792847080e-27
5.357780421691420588e-29
1.499549132408333951e-28
5.286114320656241750e-29
2.986134089246638553e-28
5.677174253185045290e-29
1.774181399825665740e-28
8.759259060812780712e-29
7.015433426827059372e-28
9.306100206128189980e-29
1.772573578953436211e-28
5.473278128190137037e-29
3.066607615731137642e-28
5.293081549059585082e-29
1.526126920839465292e-28
5.794519486964555913e-29
1.551746826115801766e-27
5.617516655398263282e-29
1.527624943134601248e-28
5.292044476862015700e-29
3.053693662300300476e-28
5.468380415860131734e-29
1.597117918301770163e-28
8.806767713739736853e-29
7.429134236689591787e-28
1.024371096517796508e-28
1.918724069396961396e-28
6.571402434995785103e-29
2.992039451849701127e-28
6.075112530926612478e-29
1.581874815022306082e-28
6.544180293091031643e-29
1.992741123214386921e-27
8.241381198258535989e-29
1.698340827547087203e-28
7.708354262673586682e-29
3.244806630421009598e-28
8.779764009244824790e-29
3.030084099166011522e-28
1.719654267779607436e-28
9.815601865735533279e-28
2.082156205495180589e-28
5.293130714655136447e-28
2.978661058686620285e-28
4.560908598806018085e-28
1.255400873826931209e-25
3.636157283564928853e-20
1.358317449464299249e-14
2.074315702310858187e-10
1.495657200892258043e-06
1.716741027487390762e-03
1.493036408494796463e+00
1.723993293820637707e+00
2.320145864840505396e+02
1.319131240922170264e+03
2.444038588738599174e+03
4.706011326279686728e+03
5.472475393991650890e+03
4.040512043702658502e+03
6.849542962419731111e+02
4.185559530509857851e+00
5.941546331707646292e-06
8.175663766785088512e-08
5.221706344601669038e-11
