2.283990311801481061e+06
4.162265203750425922e-11
6.883121852265486354e-08
5.948763870729954493e-06
5.116610769522837998e+00
8.614337465721979470e+02
4.118874034090975329e+03
5.521677838659088593e+03
5.118536053177797839e+03
2.454033358165392201e+03
1.829930230451271427e+03
2.968510054474521098e+02
2.340966729594292861e+00
2.025541312770872793e+00
2.268778795481004792e-03
1.887263359303622436e-06
2.398903876108608191e-10
1.369223274104745576e-14
3.043217734610342521e-20
8.907017225244392721e-26
4.658917780013914780e-28
2.842263246320535775e-28
5.361711159189514183e-28
1.779415929010374397e-28
1.016365037099575994e-27
1.758576985973592816e-28
2.921921464615970940e-28
9.858056088167675871e-29
3.355086903741075749e-28
7.393381576270722056e-29
1.696983813259405733e-28
8.718881444867548535e-29
1.978948191121522732e-27
6.470106906584658676e-29
1.657988801124553469e-28
6.934654776569474066e-29
3.037036855153479879e-28
6.698354120715714089e-29
1.819310817318387783e-28
9.189750259232127874e-29
7.549915468409026577e-28
8.272626793063858304e-29
1.641127101041129298e-28
5.580495949400252625e-29
3.070812034650058247e-28
5.457974840058424233e-29
1.584533832629085074e-28
6.132087730640022415e-29
1.507907559604544357e-27
5.676192547202667737e-29
1.595554712379481883e-28
5.456028213705592295e-29
3.049124550626278760e-28
6.019287355711201819e-29
1.781222337821027697e-28
9.829993033263408134e-29
7.205488584337784290e-28
9.142321598302102514e-29
1.878740673492286171e-28
5.987479598948456393e-29
3.043059439652212659e-28
5.223196816168611465e-29
1.494707180990107368e-28
5.747130862381741221e-29
5.937275663869691290e-27
5.486296173371821298e-29
1.511834858759345188e-28
5.391401526683666635e-29
3.042796170971728527e-28
5.886339853595645833e-29
1.782918085198960462e-28
8.721859539485708467e-29
7.205488584337784290e-28
9.568909636352155819e-29
1.818202763955540601e-28
5.766783138367150964e-29
3.049577645860795218e-28
5.352184600562470271e-29
1.547469482281228246e-28
5.963194232914689981e-29
1.507907559604544357e-27
5.774284796523456555e-29
1.555635463016555821e-28
5.530479584886448490e-29
3.070973738195880905e-28
5.573541064923556109e-29
1.636419995891418358e-28
8.761164389394396884e-29
7.549915468409026577e-28
1.024653920622172427e-28
1.920414977158265694e-28
6.697104895861113240e-29
3.036916186332508492e-28
6.244910196573150906e-29
1.611821435357721280e-28
6.720298202827453078e-29
1.978948191121522732e-27
8.418861538951771456e-29
1.674157557526112776e-28
7.482027739578501548e-29
3.355111802400895717e-28
9.781287835773904900e-29
2.881626846424716148e-28
1.644571961584687358e-28
1.016365037099575994e-27
1.775293418635377488e-28
5.339462258665165247e-28
2.761474349411128042e-28
4.659750980012563448e-28
8.907002467233891112e-26
3.043220068976880872e-20
1.369223277232567232e-14
2.398903876108608191e-10
1.887263359303779561e-06
2.268778795481007395e-03
2.025541312770872793e+00
2.340966729594293305e+00
2.968510054474521098e+02
1.829930230451271882e+03
2.454033358165392201e+03
5.118536053177797839e+03
5.521677838659088593e+03
4.118874034090975329e+03
8.614337465721979470e+02
5.116610769522837998e+00
5.948763870730895547e-06
6.883121852266227508e-08
4.162265203842241677e-11
