2.256543534240072593e+06
3.890451557367121450e-11
6.576643380422754547e-08
6.109080956854806633e-06
5.396861840281036216e+00
9.859180522569264440e+02
4.334989236892024564e+03
5.207680706615098643e+03
5.005030484743387206e+03
1.971479634919161754e+03
2.277452561789099946e+03
3.591841535845008480e+02
2.548148405335756372e+00
2.187283665091687812e+00
2.414683256354783689e-03
1.958000982317720045e-06
2.437404272313613292e-10
1.389905296748860724e-14
3.126337409930497396e-20
8.880299737671348262e-26
4.665372223487701657e-28
2.921274326194051259e-28
5.389639223928570385e-28
1.828016099687440245e-28
1.044060870773737143e-27
1.879097184228355379e-28
2.885426374568107201e-28
9.382179593345930322e-29
3.421784004521524251e-28
7.187813304721294988e-29
1.697558237712025103e-28
9.260143054756952243e-29
2.021314354016924266e-27
6.433262543215606854e-29
1.666994737940463913e-28
6.861544384684269185e-29
3.035797948278872369e-28
6.880491455617062067e-29
1.847423883019519541e-28
9.395541442766245146e-29
7.787631765269531258e-28
8.235260122525382051e-29
1.645569864031410362e-28
5.684245838125466511e-29
3.089998073319029342e-28
5.423406911896123705e-29
1.594692609548012970e-28
6.047730728444055339e-29
1.525823811480470088e-27
5.764619394978295314e-29
1.596314788947215226e-28
5.443619233598857635e-29
3.067240282424473954e-28
6.078534845214908264e-29
1.800424915213054975e-28
9.693320665130348024e-29
7.255771566396475524e-28
8.920025907930150901e-29
1.918604282276913228e-28
6.064774439908472844e-29
3.027750021027167550e-28
5.257052446533577775e-29
1.521175990889360764e-28
5.723248238744051410e-29
5.868861563758957497e-27
5.484328813764469891e-29
1.542106864998017247e-28
5.421933930472738832e-29
3.027265634393102885e-28
5.967385839410115930e-29
1.815892626818501142e-28
8.564976469588884107e-29
7.255771566396475524e-28
9.503536604555298751e-29
1.860841249748552217e-28
5.726976835787192090e-29
3.067256202537026219e-28
5.391979585923607388e-29
1.553238890212980339e-28
5.999172159420532267e-29
1.525823811480470088e-27
5.748528695719265921e-29
1.565293251590221105e-28
5.503039792691744414e-29
3.090499839005591120e-28
5.662682310957445689e-29
1.652816454736212593e-28
8.845662180650091518e-29
7.787631765269531258e-28
1.058417211628954388e-28
1.946318865089400506e-28
6.808404217426507191e-29
3.035888141308974006e-28
6.224061018324836796e-29
1.621096738702093105e-28
6.657785397407404610e-29
2.021314354016924266e-27
8.974892993432745246e-29
1.668284193355946159e-28
7.269954400500501111e-29
3.421966657301264023e-28
9.308427880025489620e-29
2.846397544333132001e-28
1.779819660473439059e-28
1.044060870773737143e-27
1.814368999305230922e-28
5.365287576324784402e-28
2.870937861898401927e-28
4.666251491850241038e-28
8.881332546324927604e-26
3.126341338433406272e-20
1.389905299073409933e-14
2.437404272313613292e-10
1.958000982317747998e-06
2.414683256354789760e-03
2.187283665091687812e+00
2.548148405335756816e+00
3.591841535845009048e+02
2.277452561789099946e+03
1.971479634919161754e+03
5.005030484743387206e+03
5.207680706615099552e+03
4.334989236892025474e+03
9.859180522569264440e+02
5.396861840281036216e+00
6.109080956855461390e-06
6.576643380424255383e-08
3.890451557406417053e-11
