2.236762952034839895e+06
3.397242290746330777e-11
6.015784661100571993e-08
5.764445774559365789e-06
5.227954454385995930e+00
1.038468236748443587e+03
4.519495433683752708e+03
5.151831812918809192e+03
4.750272965577364630e+03
1.802748200863970169e+03
2.540759452447704462e+03
3.987707705125196185e+02
2.813763358264020464e+00
2.530488650976978615e+00
2.876479616739718252e-03
2.314401423552855862e-06
2.897251889287209410e-10
1.659123163175098023e-14
3.698885264311214453e-20
1.047081867925251651e-25
5.348468496173125902e-28
2.823059842679679996e-28
6.070933433244923542e-28
1.871123506440519108e-28
1.029082896432312880e-27
2.145275594842376313e-28
2.877531050032836012e-28
9.545679890891741417e-29
3.432694640094149503e-28
7.139370080334600217e-29
1.705652755915846556e-28
9.955149176465236051e-29
2.029539858824809446e-27
6.621495874428321696e-29
1.710875642006233544e-28
6.981847823803959279e-29
3.016072807943266290e-28
6.787491175607237442e-29
1.848646221422799718e-28
9.576783470546218743e-29
7.773437945347111083e-28
8.232966408058476239e-29
1.662453939954881030e-28
5.709621520118804628e-29
3.083228823922651028e-28
5.344759291674445508e-29
1.597922424901924140e-28
5.930411750716443986e-29
1.551093782305952059e-27
5.689435111352970586e-29
1.600439220211963067e-28
5.415517445526753564e-29
3.054031932469352363e-28
6.040672599482167732e-29
1.836116941428991249e-28
9.649834813742691386e-29
7.180996406022890658e-28
9.005481340029602279e-29
1.968460289801494615e-28
6.026373862054211278e-29
3.029353198885437760e-28
5.297341804420936636e-29
1.522611594539317692e-28
5.649941669866327765e-29
5.955744236774928255e-27
5.436177852666378339e-29
1.544053448492330266e-28
5.345258579896164154e-29
3.028747324039703894e-28
5.941624563642999277e-29
1.849168786882728960e-28
8.618344841031188790e-29
7.180996406022890658e-28
9.491374132476562061e-29
1.907809557442403369e-28
5.803894051805609958e-29
3.054128775317762751e-28
5.425956196120170436e-29
1.558251228635459379e-28
5.972819450934688841e-29
1.551093782305952059e-27
5.640342878414754243e-29
1.566845483246127196e-28
5.433207537765886156e-29
3.083279016355470885e-28
5.698662002591980965e-29
1.658523668616738256e-28
8.690711929765846165e-29
7.773437945347111083e-28
1.114898642423511761e-28
1.957329184232068586e-28
6.670715495272939129e-29
3.016413116055751699e-28
6.288311832958402658e-29
1.660527111133793193e-28
6.794660750702390980e-29
2.029539858824809446e-27
9.645856508877267175e-29
1.673804925543308087e-28
7.215176302422977466e-29
3.433385655860069081e-28
9.474091457971972199e-29
2.834647823313658860e-28
2.010718475065168818e-28
1.029082896432312880e-27
1.840402595433685327e-28
6.040165755202872762e-28
2.761679925530073254e-28
5.349511354894516628e-28
1.047306147773531890e-25
3.698885573847539376e-20
1.659123165307639592e-14
2.897251889287209410e-10
2.314401423552857556e-06
2.876479616739726925e-03
2.530488650976979059e+00
2.813763358264020908e+00
3.987707705125197322e+02
2.540759452447704462e+03
1.802748200863970169e+03
4.750272965577364630e+03
5.151831812918809192e+03
4.519495433683752708e+03
1.038468236748443587e+03
5.227954454385995930e+00
5.764445774560082379e-06
6.015784661104112326e-08
3.397242290774979661e-11
