2.220146582805470563e+06
3.140861675813827710e-11
5.500429877299172915e-08
5.616108874639762403e-06
5.033915343172071566e+00
1.087313871434783550e+03
4.417522135209408589e+03
5.061632958387823237e+03
4.652651039281164230e+03
1.814645281486478552e+03
2.647904010451748491e+03
4.292029195192509405e+02
3.154185818903164407e+00
2.973086639456974378e+00
3.486459754947635135e-03
2.832139105739720050e-06
3.608439414124960351e-10
2.081669306101890426e-14
4.605113424672160758e-20
1.321349864859476984e-25
6.371965643596119777e-28
2.767020697822417440e-28
6.623187559983563174e-28
1.968564264499634872e-28
1.038417365206496617e-27
2.271958720578515177e-28
2.934656683088702194e-28
9.587309107731581326e-29
3.503008939060968253e-28
7.394954829713181535e-29
1.696257412220868583e-28
1.026619634706542055e-28
2.018911486970294330e-27
6.671187788664236608e-29
1.667057803123190527e-28
6.906547213167491849e-29
3.032569733479012073e-28
6.701255052382449941e-29
1.848727687035119915e-28
9.389458130572400221e-29
7.706827587246126381e-28
8.286161368893646602e-29
1.682244188299416366e-28
5.715869225898691761e-29
3.093705704780538884e-28
5.343377260130028520e-29
1.592026322003124211e-28
5.973935048917386039e-29
1.557612746445413857e-27
5.593099661966625501e-29
1.608914855032864205e-28
5.443294682369382268e-29
3.046223178590868338e-28
6.239340725989004972e-29
1.823407312536241278e-28
9.458563486638003438e-29
7.202250307154856867e-28
8.971441107775700157e-29
1.938600533184376492e-28
6.090920596201254197e-29
3.044845884293188377e-28
5.236487749426671577e-29
1.529140309001064609e-28
5.724590098494175218e-29
5.897087925812217815e-27
5.529625746424595000e-29
1.544861268667157517e-28
5.344567925171656794e-29
3.044179926433432258e-28
6.008407527432490910e-29
1.834174780008858806e-28
8.529889376227113570e-29
7.202250307154856867e-28
9.614567405702721667e-29
1.872277159739294530e-28
5.896995676181063626e-29
3.045980718345644951e-28
5.366250659287463835e-29
1.560564886259215362e-28
5.873244953018337262e-29
1.557612746445413857e-27
5.667401115812510967e-29
1.560384730122311259e-28
5.417399183238133495e-29
3.093998223802258832e-28
5.730360851319712160e-29
1.673359777100369773e-28
8.689754434622676827e-29
7.706827587246126381e-28
1.090377243844784393e-28
1.957278424855199889e-28
6.630862416339504690e-29
3.032706307264949535e-28
6.223406281575901292e-29
1.623994995831017820e-28
6.822566273964256181e-29
2.018911486970294330e-27
1.000193670157564238e-28
1.665109438363622632e-28
7.478983631458298554e-29
3.503251582537994148e-28
9.453609697662759732e-29
2.894171659194005717e-28
2.138160547700645610e-28
1.038417365206496617e-27
1.933127885947860988e-28
6.606115516765208961e-28
2.675302791008790953e-28
6.372389195877690276e-28
1.321645108800968629e-25
4.605109353149457684e-20
2.081669310217668385e-14
3.608439414124960351e-10
2.832139105739614595e-06
3.486459754947644676e-03
2.973086639456973934e+00
3.154185818903164851e+00
4.292029195192509405e+02
2.647904010451748491e+03
1.814645281486479007e+03
4.652651039281164230e+03
5.061632958387825056e+03
4.417522135209408589e+03
1.087313871434783550e+03
5.033915343172072454e+00
5.616108874640301116e-06
5.500429877301381818e-08
3.140861675901058429e-11
