2.185459064762137830e+06
2.793633986055862569e-11
4.807973988421193373e-08
5.383844181549199314e-06
4.406769034388441142e+00
1.045749732157369408e+03
3.936182578653490054e+03
4.264494044643008237e+03
3.972052992089060353e+03
2.129667004498930964e+03
2.924376114374286772e+03
4.968864711449210176e+02
3.888828359487601194e+00
3.406351491637148232e+00
3.794541161840487859e-03
2.810958228562346388e-06
3.308945593379428644e-10
1.826380445227327691e-14
3.929345359406000817e-20
1.094560528959977247e-25
6.100843942971264427e-28
2.333788491215735015e-28
6.308416422390990822e-28
2.003812100121665671e-28
9.939762268123069567e-28
2.067168071811502018e-28
2.990627076694852700e-28
9.028226678342196939e-29
3.497271952187312130e-28
7.212402802882176232e-29
1.677351749868222199e-28
8.241479014759931141e-29
2.015568085196636259e-27
6.177315223785625067e-29
1.665147991117837844e-28
6.412672747542552207e-29
3.024002287895234505e-28
6.623512021551324002e-29
1.807633945049308733e-28
8.260690039409110947e-29
7.567062360848807255e-28
7.970366968711593673e-29
1.671055134706812387e-28
5.583175298727108840e-29
3.058343204468808008e-28
5.185279427215914498e-29
1.585597155979080231e-28
5.885485875848039901e-29
1.546007574902739652e-27
5.480674787934183101e-29
1.590640954323379562e-28
5.320029404791144741e-29
3.055518899044069557e-28
6.008940561173459047e-29
1.805822252084881156e-28
8.917097782215567044e-29
7.032398374299837453e-28
8.325888458151015861e-29
1.882242030732907880e-28
5.949749020778713642e-29
3.000881226841744976e-28
5.143092274393869393e-29
1.505763464110352419e-28
5.546929076248601290e-29
5.847884771457623692e-27
5.310801271880867169e-29
1.519678777984331476e-28
5.231511729446602182e-29
3.000303532843303217e-28
5.848627211447264214e-29
1.795957245824134972e-28
8.168211906618114114e-29
7.032398374299837453e-28
9.025923980844918529e-29
1.850135678858992190e-28
5.791854378002130251e-29
3.055721125510875121e-28
5.307173872274648852e-29
1.536463958256487078e-28
5.782714516593208369e-29
1.546007574902739652e-27
5.624709593112944186e-29
1.560191453439857437e-28
5.279717371229975513e-29
3.058545874524104985e-28
5.581302793916446665e-29
1.661751815831584617e-28
8.197749654845361788e-29
7.567062360848807255e-28
9.318460575365479505e-29
1.910338326813481414e-28
6.527787375250846089e-29
3.024109192903579117e-28
5.933158064305422635e-29
1.613322020962544698e-28
6.338727028220242111e-29
2.015568085196636259e-27
7.924600408184309215e-29
1.647468285880427968e-28
7.272455321781654075e-29
3.497573156081070917e-28
8.900949024890696187e-29
2.964316575953156856e-28
1.978284634401623748e-28
9.939762268123069567e-28
1.988403736242734365e-28
6.312468223196762713e-28
2.288329276412383210e-28
6.102607683138500255e-28
1.094719415937852244e-25
3.929337484695096448e-20
1.826380448749296283e-14
3.308945593379428644e-10
2.810958228562149029e-06
3.794541161840500436e-03
3.406351491637148232e+00
3.888828359487601194e+00
4.968864711449210176e+02
2.924376114374286772e+03
2.129667004498930964e+03
3.972052992089060353e+03
4.264494044643008237e+03
3.936182578653490509e+03
1.045749732157369181e+03
4.406769034388441142e+00
5.383844181549144257e-06
4.807973988422498333e-08
2.793633986199784887e-11
