2.177833118583293632e+06
2.651076182785711764e-11
4.620945755394814944e-08
5.257462444945895021e-06
4.374527424243523477e+00
1.037797194563976745e+03
3.907113603900912040e+03
4.135468821893069617e+03
3.794935366624473318e+03
2.266702660437068516e+03
3.044658683139319237e+03
5.243297644491306073e+02
4.086347503869014020e+00
3.427356462590547270e+00
3.704180803461539547e-03
2.658796630491085261e-06
3.048571597978355945e-10
1.659261326920897746e-14
3.536884242231310075e-20
9.697025999444015996e-26
5.728666351951056316e-28
2.332458255178757443e-28
6.030639458234332100e-28
2.010343849863317470e-28
1.000683397731077481e-27
1.968255073115226816e-28
3.022156343709644581e-28
8.828711306541785612e-29
3.500539938316242561e-28
7.255970408697481778e-29
1.678268725695148933e-28
8.061596961095147575e-29
1.981846472556330868e-27
6.115253878602115616e-29
1.673824597165862607e-28
6.496797916266118520e-29
3.044280474914765865e-28
6.617019360926842262e-29
1.818774661027273896e-28
8.343228285099821309e-29
7.530192164482475236e-28
8.107530293933843179e-29
1.685755419725941490e-28
5.552069099829269690e-29
3.056875623545316876e-28
5.214718860562744209e-29
1.591763995363694895e-28
5.829151047646807769e-29
1.536929824299853312e-27
5.460287553281738324e-29
1.604337046993303871e-28
5.337425694297827312e-29
3.045075155918409084e-28
6.053850742013237216e-29
1.840983050035395584e-28
9.074318095460600035e-29
7.133009209324137682e-28
8.361825736997128384e-29
1.911327347937776096e-28
5.912384423853649781e-29
3.039357158096598542e-28
5.120713636123524389e-29
1.525310014797894074e-28
5.488606679519825268e-29
5.918390197252219248e-27
5.273466746495975166e-29
1.541810868409322762e-28
5.215131315235958719e-29
3.039248585510882907e-28
5.823226690739936105e-29
1.822359432244972145e-28
8.201286118646330260e-29
7.133009209324137682e-28
9.108600972503198794e-29
1.881992970472502278e-28
5.726196699670911263e-29
3.044986562826356708e-28
5.262660235157494027e-29
1.545724499090751093e-28
5.701792142569432228e-29
1.536929824299853312e-27
5.562803679914447657e-29
1.560743205720570492e-28
5.306711000043065078e-29
3.056609442740544436e-28
5.532868040221184773e-29
1.678939774453089364e-28
8.499784430629379217e-29
7.530192164482475236e-28
9.345669074425507757e-29
1.911167965524883939e-28
6.513863686215519182e-29
3.044424920984177584e-28
6.006142069602183570e-29
1.631632545263444295e-28
6.245541493988776175e-29
1.981846472556330868e-27
7.717076517037811528e-29
1.648301952365994556e-28
7.320440197432970106e-29
3.501023109669175196e-28
8.769311554570452133e-29
2.978969605765520741e-28
1.901102511865084941e-28
1.000683397731077481e-27
1.995711852745283947e-28
6.039366132562470820e-28
2.281768292552419169e-28
5.730065379465127715e-28
9.698987440802761286e-26
3.536876863487096515e-20
1.659261330329815944e-14
3.048571597978355945e-10
2.658796630490871809e-06
3.704180803461551690e-03
3.427356462590547270e+00
4.086347503869014020e+00
5.243297644491306073e+02
3.044658683139320146e+03
2.266702660437068516e+03
3.794935366624473318e+03
4.135468821893069617e+03
3.907113603900912040e+03
1.037797194563976745e+03
4.374527424243523477e+00
5.257462444945660392e-06
4.620945755396152991e-08
2.651076182952228392e-11
