2.174205259210852440e+06
2.634407715785198545e-11
4.560273360926256591e-08
5.196167756004123185e-06
4.377977828448603503e+00
1.029575481892786684e+03
3.870871880046092429e+03
4.083778035189472121e+03
3.715969083521013999e+03
2.338782368732953728e+03
3.089909073094951964e+03
5.341266036189666693e+02
4.163553475784364188e+00
3.420900675997098350e+00
3.641452339100086436e-03
2.574258547820815313e-06
2.916195467503354365e-10
1.577914713589630036e-14
3.350016077921986292e-20
9.098759693677461493e-26
5.577957534150477703e-28
2.337850073972701719e-28
5.888878286859782671e-28
1.998255329649605617e-28
9.982955842915990282e-28
1.921712452532190485e-28
3.033651377467732654e-28
8.845462266137885274e-29
3.490977487146258751e-28
7.383900310784414157e-29
1.666884533316571482e-28
8.092946089529740813e-29
1.952414769817730086e-27
6.081778813934245796e-29
1.667036384074011333e-28
6.368740534072051097e-29
3.000648114795535752e-28
6.691926333688634391e-29
1.816751450019931062e-28
8.444841571343510744e-29
7.558383687583418247e-28
8.064259731016659552e-29
1.684418993079831982e-28
5.648172828449104671e-29
3.043612093628571801e-28
5.249797456426810611e-29
1.590880103581951038e-28
5.835760068555786683e-29
1.548522621750437259e-27
5.483279724013367470e-29
1.612789832803033912e-28
5.271098556660836618e-29
3.028252673435996856e-28
6.124156043752553308e-29
1.823348904548919813e-28
9.191413818770618964e-29
7.199328589433963257e-28
8.526216403534172036e-29
1.908602734509674443e-28
5.989053329802069859e-29
3.012571123222460400e-28
5.131046162036835903e-29
1.502041576757297112e-28
5.485296864976908632e-29
5.740566197392885648e-27
5.264989489284469234e-29
1.519504827541651399e-28
5.240443426634368088e-29
3.012226953383634309e-28
5.908947022084748316e-29
1.818372312468844054e-28
8.342577655682677167e-29
7.199328589433963257e-28
9.207560386007349707e-29
1.860597583002390836e-28
5.829731488352688436e-29
3.027617565166473952e-28
5.270572753473394361e-29
1.557121280196256535e-28
5.724117641713782775e-29
1.548522621750437259e-27
5.575374756993653138e-29
1.560729219168028044e-28
5.337069950073521179e-29
3.043457978535518926e-28
5.636121174347411988e-29
1.675633993677839645e-28
8.494831555318065510e-29
7.558383687583418247e-28
9.382809480210347774e-29
1.914123803000388939e-28
6.526901042660870469e-29
3.001107438117030180e-28
5.904578441830697250e-29
1.627313564735158352e-28
6.239428570439459886e-29
1.952414769817730086e-27
7.727396855363356114e-29
1.640648977561227265e-28
7.432419442144928867e-29
3.491744484905532150e-28
8.776833568845647864e-29
2.993846909269002337e-28
1.851749185046315286e-28
9.982955842915990282e-28
1.997429007282850842e-28
5.915033075242822501e-28
2.290936678832573242e-28
5.578359021468662476e-28
9.100472465745922412e-26
3.350008771437045863e-20
1.577914716953964656e-14
2.916195467503354365e-10
2.574258547820651835e-06
3.641452339100101614e-03
3.420900675997099238e+00
4.163553475784364188e+00
5.341266036189668966e+02
3.089909073094951964e+03
2.338782368732953728e+03
3.715969083521013999e+03
4.083778035189473485e+03
3.870871880046092429e+03
1.029575481892786684e+03
4.377977828448603503e+00
5.196167756003870769e-06
4.560273360928024772e-08
2.634407715947477810e-11
