2.170820447242160328e+06
2.585357241292613882e-11
4.479826218981373669e-08
5.121970150777673416e-06
4.382684077956798596e+00
1.025772524411518361e+03
3.825629057151375491e+03
4.014189722102275937e+03
3.629422842532737377e+03
2.405405955127202105e+03
3.128918253042331798e+03
5.422763065429838889e+02
4.224162694785872141e+00
3.403918306579386766e+00
3.570051979704759459e-03
2.487888015668139772e-06
2.787432974201099324e-10
1.500379413531893808e-14
3.173114655647464858e-20
8.535576362943009276e-26
5.375050522967382043e-28
2.335194387271424929e-28
5.735928634501429163e-28
2.003582252080996934e-28
1.004807747897736496e-27
1.908864605287499831e-28
3.044813334817776773e-28
8.835053431263985208e-29
3.504616912537431394e-28
7.362444619115406545e-29
1.668500295896157574e-28
8.059598325658530562e-29
2.035422705036985895e-27
6.162651305990001501e-29
1.655697351135752108e-28
6.511420282215099712e-29
3.027344091673523957e-28
6.692238158489679972e-29
1.828076835394531740e-28
8.486409342867898132e-29
7.562566954968814265e-28
8.232765789658611298e-29
1.687515460566307944e-28
5.634781371823240344e-29
3.057292407223695588e-28
5.214383080428555313e-29
1.587703004304083258e-28
5.893703360257934176e-29
1.527908389732784769e-27
5.462081048076588736e-29
1.611486896805498076e-28
5.339219326203798800e-29
3.065149492147704989e-28
6.050423560448072039e-29
1.829870040783632813e-28
9.252253279568621629e-29
7.127617810163844958e-28
8.371711522427566644e-29
1.884288103397106628e-28
5.948682314759631043e-29
3.029331241223286979e-28
5.178688272686915400e-29
1.526147084224609239e-28
5.520534756935309544e-29
5.875613633549683654e-27
5.290479451374988495e-29
1.545765752746752939e-28
5.294442075419609999e-29
3.029369142265768093e-28
5.874571313323856287e-29
1.791594362630487447e-28
8.202888095045007013e-29
7.127617810163844958e-28
9.261997831064267093e-29
1.871348884283472139e-28
5.778934683833122890e-29
3.064941734748188346e-28
5.308285443673331678e-29
1.553266733393200205e-28
5.728471540277336047e-29
1.527908389732784769e-27
5.639189731815580535e-29
1.562836512339165500e-28
5.307208422351790479e-29
3.057133541576210703e-28
5.622083899583045547e-29
1.677633809255300639e-28
8.582036284307953104e-29
7.562566954968814265e-28
9.526010091611922851e-29
1.930992558338360629e-28
6.532354421649078589e-29
3.027557361861385813e-28
6.015655555517980631e-29
1.616110944401137367e-28
6.293080549727728692e-29
2.035422705036985895e-27
7.737877263331145669e-29
1.635418003481181668e-28
7.405272379503871282e-29
3.505054119669923650e-28
8.808224860909028133e-29
3.010380222474325344e-28
1.851391896288181994e-28
1.004807747897736496e-27
2.007488061463532237e-28
5.772982433518584249e-28
2.290049530991780749e-28
5.375549739341904520e-28
8.537123761874771830e-26
3.173107793741828110e-20
1.500379416051679306e-14
2.787432974201099324e-10
2.487888015667972907e-06
3.570051979704771169e-03
3.403918306579385877e+00
4.224162694785873029e+00
5.422763065429838889e+02
3.128918253042331798e+03
2.405405955127203015e+03
3.629422842532737377e+03
4.014189722102275937e+03
3.825629057151375491e+03
1.025772524411518361e+03
4.382684077956799484e+00
5.121970150777267687e-06
4.479826218983500516e-08
2.585357241469270580e-11
