2.167695850341323297e+06
2.528838421124065926e-11
4.386292336773249741e-08
5.025879015268734996e-06
4.357351883260659697e+00
1.023077687894916608e+03
3.761570521159464079e+03
3.936152528003643511e+03
3.546253497403165056e+03
2.453955833922668717e+03
3.169347420736675303e+03
5.480957172397520480e+02
4.268536656266294749e+00
3.377661862007890203e+00
3.493176384918007370e-03
2.402360867607470955e-06
2.664686575854890927e-10
1.427240245709775401e-14
3.005998477129159232e-20
8.013911814678896908e-26
5.213830516026434036e-28
2.333669632349644538e-28
5.624563262188163250e-28
1.987526576101218382e-28
9.867622021036113871e-28
1.865705070466698523e-28
3.087115939162605056e-28
8.940899653113168211e-29
3.533740549155371570e-28
7.462789822956566522e-29
1.671796021301828667e-28
8.020349567154342943e-29
2.028617171454316564e-27
6.197336268736683180e-29
1.667068346309573397e-28
6.418124631587262779e-29
3.021048855740022951e-28
6.563656895431345745e-29
1.828170076701725905e-28
8.456775521379261588e-29
7.542416578440134475e-28
8.353960318501132015e-29
1.707311576449713399e-28
5.632435345681683550e-29
3.072850970694001567e-28
5.183668751532953836e-29
1.574444355993059017e-28
5.862126751100718750e-29
1.544301951520918931e-27
5.517955616493146663e-29
1.596885685924522463e-28
5.343964358579451083e-29
3.044123092836818925e-28
6.096971183117409833e-29
1.860612661662256748e-28
9.503494419649671159e-29
7.128666753232850621e-28
8.327359777554763271e-29
1.888795097469116494e-28
5.960213249095837363e-29
2.985161492280731821e-28
5.131189543912140262e-29
1.501962843567799674e-28
5.586370329541448834e-29
5.912711505231860748e-27
5.402459204260221247e-29
1.527979640148628438e-28
5.238790882989649292e-29
2.985328738821300598e-28
5.845125654516990866e-29
1.804138651190765795e-28
8.251846417189716699e-29
7.128666753232850621e-28
9.374844197862641564e-29
1.876020591706070936e-28
5.825861420605579627e-29
3.044218680234091661e-28
5.304445120738698629e-29
1.542454928125099496e-28
5.801480165977198408e-29
1.544301951520918931e-27
5.593585970199722778e-29
1.546664182620658459e-28
5.276129533524115043e-29
3.073198691968261538e-28
5.595090687157003470e-29
1.698283335563499386e-28
8.645005673371634517e-29
7.542416578440134475e-28
9.406099878388011468e-29
1.929988516160661773e-28
6.417163653653390326e-29
3.021277582090480338e-28
5.969922913036737516e-29
1.623981454433541789e-28
6.353741040905982373e-29
2.028617171454316564e-27
7.676168234649580632e-29
1.639277306581102327e-28
7.545397500140405957e-29
3.534180416653475460e-28
8.885124020705578064e-29
3.056502726727757258e-28
1.803266025885160885e-28
9.867622021036113871e-28
1.982526182254587757e-28
5.643245022538722771e-28
2.278854819018068801e-28
5.214669881766276369e-28
8.014531374774962791e-26
3.005991397345049777e-20
1.427240248036865846e-14
2.664686575854890927e-10
2.402360867607298160e-06
3.493176384918022116e-03
3.377661862007891092e+00
4.268536656266294749e+00
5.480957172397519344e+02
3.169347420736675758e+03
2.453955833922668717e+03
3.546253497403165056e+03
3.936152528003643511e+03
3.761570521159464988e+03
1.023077687894916608e+03
4.357351883260659697e+00
5.025879015268274211e-06
4.386292336775655183e-08
2.528838421292539675e-11
