2.164745667479317635e+06
2.463850967049730212e-11
4.278625195731268047e-08
4.885261637567728188e-06
4.300485455574592386e+00
1.021613463763875416e+03
3.685197090442259650e+03
3.864822905083062778e+03
3.481198694346588127e+03
2.481483740373222190e+03
3.211072997106645289e+03
5.520415695179199247e+02
4.303402484721987165e+00
3.347732072502606737e+00
3.415526919046949980e-03
2.320527770423938082e-06
2.549971827788388722e-10
1.358818364609821112e-14
2.848123668432208219e-20
7.519951849447702009e-26
5.048841082570556891e-28
2.312649273730537190e-28
5.409314613178511259e-28
2.006058257441389249e-28
9.984595320600341791e-28
1.822126573222074015e-28
3.105386341560531925e-28
8.964719805001261878e-29
3.468476904032561643e-28
7.494530544824433255e-29
1.648392121212802980e-28
7.903707444300418482e-29
1.985504641641823457e-27
6.205487134924163843e-29
1.629678201013467991e-28
6.381055217835677970e-29
2.995727219923238810e-28
6.569711046251057852e-29
1.837990799094152071e-28
8.585910098477743363e-29
7.507636281276053816e-28
8.305008991905748648e-29
1.681631504209849921e-28
5.569617299551097143e-29
3.086704446243320698e-28
5.181517760907402426e-29
1.579808041949444514e-28
5.878143644967574144e-29
1.538577330991782729e-27
5.519282259248551059e-29
1.609586572982617382e-28
5.256448740663822263e-29
3.038555290162067446e-28
6.179501995359863231e-29
1.827275834326440214e-28
9.366649106151056443e-29
7.141752730891330313e-28
8.285663609659684707e-29
1.867041908147094707e-28
5.895227848555292286e-29
2.982858737593272605e-28
5.078844200361664871e-29
1.501500470475384385e-28
5.460376183855922241e-29
5.783579779306892861e-27
5.239694541203048493e-29
1.527995576185100816e-28
5.189202847344697458e-29
2.983286511907746570e-28
5.773668377977989933e-29
1.774646675838152025e-28
8.147843549064014137e-29
7.141752730891330313e-28
9.357451975446401154e-29
1.848748246508736752e-28
5.884353030566136963e-29
3.038766374104180294e-28
5.174848184706573266e-29
1.556648246658946084e-28
5.777823087489516921e-29
1.538577330991782729e-27
5.628312910902925241e-29
1.557972133445001345e-28
5.282217695674588643e-29
3.086638318966218892e-28
5.574210011065721705e-29
1.668438674790738391e-28
8.617563074962682088e-29
7.507636281276053816e-28
9.550615338032315089e-29
1.927394071582596184e-28
6.391181811063325124e-29
2.996058717366036689e-28
5.921865885183870568e-29
1.594962120066775860e-28
6.291443204121368377e-29
1.985504641641823457e-27
7.535512572638913779e-29
1.623589365943733783e-28
7.592049230120217303e-29
3.468511626653151067e-28
8.939288773455925099e-29
3.077986828819224957e-28
1.769371143051712147e-28
9.984595320600341791e-28
1.996890252611340509e-28
5.435120475252188445e-28
2.264086158103971602e-28
5.049670484529370299e-28
7.520690405438491860e-26
2.848117332993733929e-20
1.358818366907376289e-14
2.549971827788388722e-10
2.320527770423784770e-06
3.415526919046960822e-03
3.347732072502606737e+00
4.303402484721987165e+00
5.520415695179198110e+02
3.211072997106645289e+03
2.481483740373222645e+03
3.481198694346588127e+03
3.864822905083063233e+03
3.685197090442259650e+03
1.021613463763875416e+03
4.300485455574592386e+00
4.885261637567264861e-06
4.278625195734071196e-08
2.463850967227277099e-11
