2.156815763302889653e+06
2.267746353962561124e-11
3.930627178555238269e-08
4.541315963829935194e-06
4.073642508590976874e+00
1.025023191104194211e+03
3.449225985709266752e+03
3.799439163881838340e+03
3.290456393874806963e+03
2.442948792690614937e+03
3.283721529662542707e+03
5.542636930648084217e+02
4.336567569530525468e+00
3.246043057611149862e+00
3.200643558709625417e-03
2.110974606567049371e-06
2.258272524943146819e-10
1.179463844133603591e-14
2.419991628910688236e-20
6.169663114446825436e-26
4.804475377097560172e-28
2.246306119095709422e-28
4.803480501039268548e-28
2.051215007837182852e-28
9.559395968983393219e-28
1.698598658776390421e-28
3.034767532778311694e-28
8.745954697999290555e-29
3.493496296133220813e-28
7.337909778354802682e-29
1.658515305835464593e-28
7.628147841351295916e-29
1.951981262458804116e-27
6.134836439619779463e-29
1.636185726800943784e-28
6.497845972579074824e-29
3.009878716669333370e-28
6.559712668959394908e-29
1.797511385023449648e-28
8.276355869501138275e-29
7.408593711286602932e-28
8.160359474268269895e-29
1.671051295426044512e-28
5.527469801010124371e-29
3.059109712321481751e-28
5.163968162749478000e-29
1.562032770499994763e-28
5.787798499251784294e-29
1.540218646270956436e-27
5.315739624685566552e-29
1.595914773508294029e-28
5.182102519122815525e-29
3.049308326946567825e-28
6.148265184162184122e-29
1.817749554834816198e-28
8.932986155686043986e-29
7.093899342633492424e-28
8.113528321718372701e-29
1.836858356812526478e-28
5.893213322796015860e-29
2.991196918268489769e-28
5.046902338523282352e-29
1.499424198781123880e-28
5.433058467812674725e-29
5.590278329675467957e-27
5.196134738759658361e-29
1.517025640787072101e-28
5.155010172860956801e-29
2.991076336200334164e-28
5.805804989331875129e-29
1.756739833308693777e-28
7.907545221073065933e-29
7.093899342633492424e-28
8.902674706029728737e-29
1.858822141935754247e-28
5.804677828991602903e-29
3.048666449506449674e-28
5.152238435282808618e-29
1.541440248622288937e-28
5.588289337040995071e-29
1.540218646270956436e-27
5.510052976975289343e-29
1.538520351606039658e-28
5.264146557988219835e-29
3.058865223512429790e-28
5.530349175939462198e-29
1.673422597416391872e-28
8.370846443863233685e-29
7.408593711286602932e-28
9.236568222074045292e-29
1.894365044325082964e-28
6.432348478643993655e-29
3.009998541052259195e-28
6.005149747037185469e-29
1.605660866316394706e-28
6.246272460703829001e-29
1.951981262458804116e-27
7.329905009701512925e-29
1.632761176193916896e-28
7.468009031400661205e-29
3.493727124131538519e-28
8.724146820137046786e-29
3.009841079909509070e-28
1.637783926814214119e-28
9.559395968983393219e-28
2.049009474428897878e-28
4.817997345035000615e-28
2.195194296700381909e-28
4.805168485001938113e-28
6.169961533792221378e-26
2.419986638089151948e-20
1.179463845162854080e-14
2.258272524943146819e-10
2.110974606566924434e-06
3.200643558709641030e-03
3.246043057611149418e+00
4.336567569530525468e+00
5.542636930648085354e+02
3.283721529662543162e+03
2.442948792690614937e+03
3.290456393874806963e+03
3.799439163881838340e+03
3.449225985709266752e+03
1.025023191104194211e+03
4.073642508590976874e+00
4.541315963829171170e-06
3.930627178558769999e-08
2.267746354136835154e-11
