2.215989621230376419e+06
3.114038584209428913e-11
5.400661446645266422e-08
5.591312723341730184e-06
4.955840508074655482e+00
1.089481496693403869e+03
4.355623134575903350e+03
4.998420658419049687e+03
4.646119146168817679e+03
1.832285550443309376e+03
2.672687553105811276e+03
4.376694128821495156e+02
3.234326223630498376e+00
3.061018700612964327e+00
3.596875837182579149e-03
2.913113450151890357e-06
3.707241708692698405e-10
2.136915843821424118e-14
4.718726826287746681e-20
1.357116303681254121e-25
6.548694297096376845e-28
2.736387823621761973e-28
6.753998782616621686e-28
1.984115203182953633e-28
1.045675818571259576e-27
2.319024138112347044e-28
2.939220843879550854e-28
9.423266084461860455e-29
3.501817015026003655e-28
7.459077026599801480e-29
1.724650468383386869e-28
1.019451567247343535e-28
2.008576289369448852e-27
6.578848324902717039e-29
1.692280172575693673e-28
6.845385273307448744e-29
3.035122742614482637e-28
6.650338740249851778e-29
1.825132674173932211e-28
9.322161936283849789e-29
7.580029934781197382e-28
8.069338244837811468e-29
1.662909473086577425e-28
5.683000717158440281e-29
3.107195607059556526e-28
5.406310397654250020e-29
1.605696159972278540e-28
5.943974579701312568e-29
1.552254599413186918e-27
5.582209762178095055e-29
1.616058405794249370e-28
5.461102421741008346e-29
3.072313720647580274e-28
6.174926891680314552e-29
1.813624892369793474e-28
9.353229846106722007e-29
7.203184411730993298e-28
8.650116245069469949e-29
1.920795395189368035e-28
6.058235648174002780e-29
3.022757409629415424e-28
5.252202023860260468e-29
1.521611335088559304e-28
5.715407580609303479e-29
5.821884291678766593e-27
5.483017182294039150e-29
1.535934025345157565e-28
5.397801022009427241e-29
3.022946533384449757e-28
5.931883876307851941e-29
1.819919629957607326e-28
8.289892647497164194e-29
7.203184411730993298e-28
9.425115300861884262e-29
1.855915318124152372e-28
5.854427026491598343e-29
3.072623529573462949e-28
5.409078996431677561e-29
1.561796128315059494e-28
5.810919914202615133e-29
1.552254599413186918e-27
5.630393396236220607e-29
1.573310129469307622e-28
5.470024832656639335e-29
3.106952050091673773e-28
5.694012196044113573e-29
1.638908062167472932e-28
8.552526349443504664e-29
7.580029934781197382e-28
1.070822698225649298e-28
1.937570927254998720e-28
6.606863728305182271e-29
3.035276096111006392e-28
6.186026115327296490e-29
1.644090599233013464e-28
6.745826071963767189e-29
2.008576289369448852e-27
9.891488541192673882e-29
1.694053194652349670e-28
7.523781725099532582e-29
3.502222295405283335e-28
9.354265114965431321e-29
2.897504937564367881e-28
2.197405746624340031e-28
1.045675818571259576e-27
1.952908346921751894e-28
6.737011607766296929e-28
2.655837948966859494e-28
6.549140185816845934e-28
1.357489931305791219e-25
4.718722003808470946e-20
2.136915848444059092e-14
3.707241708692698405e-10
2.913113450151807348e-06
3.596875837182593027e-03
3.061018700612964771e+00
3.234326223630498376e+00
4.376694128821495156e+02
2.672687553105811276e+03
1.832285550443309376e+03
4.646119146168817679e+03
4.998420658419049687e+03
4.355623134575903350e+03
1.089481496693403642e+03
4.955840508074655482e+00
5.591312723342252803e-06
5.400661446647189452e-08
3.114038584313499220e-11
