2.150389743033306208e+06
2.092759159498487968e-11
3.625741348592137552e-08
4.155516919910789465e-06
3.842450951240722556e+00
1.047302925524426200e+03
3.250468918904755355e+03
3.812418572842708272e+03
3.149120964902025662e+03
2.338729670295607320e+03
3.238077832193644099e+03
5.413038845713618912e+02
4.249082769570764917e+00
3.154334325717202958e+00
3.043941402309133151e-03
1.969358538804818404e-06
2.051217455597939666e-10
1.040865475858981880e-14
2.070206513158389241e-20
5.059800506416999418e-26
4.472030103817932396e-28
2.264230712239199442e-28
4.291050630456647274e-28
2.014841396940210156e-28
9.183992011808081881e-28
1.578129933631382534e-28
2.964409802085322474e-28
8.318824469708008375e-29
3.422853369857617203e-28
7.195975981410964266e-29
1.655103900085677019e-28
7.450652648754160986e-29
2.011276508756517211e-27
6.063571849297812799e-29
1.636336507383684649e-28
6.261262237728686028e-29
2.961457762592372810e-28
6.360624746536811012e-29
1.766077474271876725e-28
7.978199245846866648e-29
7.345755048605648500e-28
7.686209565702062883e-29
1.670212440304664864e-28
5.552193194996412685e-29
3.034892208142816249e-28
5.138257299859856763e-29
1.543311954558493492e-28
5.644519790645547655e-29
1.503425791980973401e-27
5.260525230641554706e-29
1.584295824648879116e-28
5.265176498937911209e-29
3.029813490830161937e-28
6.069831430082170296e-29
1.803344620526164653e-28
8.571971368637744283e-29
6.980058931700036511e-28
7.927681553342048266e-29
1.836285464221209763e-28
5.839789185586153690e-29
2.988731855921405865e-28
5.045793160978458433e-29
1.495933943046575893e-28
5.363608480749467833e-29
5.767009298094204583e-27
5.129750509342642357e-29
1.508384735675775562e-28
5.159998741830616393e-29
2.988783076772190047e-28
5.764105418302875507e-29
1.753529947772141997e-28
7.764150355336663272e-29
6.980058931700036511e-28
8.531445291492660895e-29
1.854118359663459300e-28
5.710170153186132851e-29
3.029933433090664794e-28
5.182056319486753906e-29
1.526508660250636893e-28
5.495817985863003931e-29
1.503425791980973401e-27
5.381644995857159276e-29
1.527132137905288368e-28
5.226158114819878117e-29
3.034616016909331557e-28
5.524850967841803921e-29
1.663770017269385472e-28
8.044186536585259112e-29
7.345755048605648500e-28
8.882354031098096465e-29
1.838115154200383576e-28
6.243603100337545263e-29
2.961356982222882373e-28
5.821417937278676983e-29
1.602555894457764512e-28
6.235174312200800171e-29
2.011276508756517211e-27
7.131395020705904788e-29
1.626339516563975658e-28
7.269525643524004200e-29
3.423101109102831037e-28
8.272386386229918591e-29
2.946579255373177187e-28
1.527294410238496472e-28
9.183992011808081881e-28
2.014003986280455141e-28
4.301330746539744145e-28
2.218296331325555583e-28
4.472530693065845759e-28
5.061209048482203844e-26
2.070203285557404605e-20
1.040865476058631058e-14
2.051217455597939666e-10
1.969358538804735395e-06
3.043941402309149630e-03
3.154334325717202958e+00
4.249082769570764917e+00
5.413038845713618912e+02
3.238077832193644099e+03
2.338729670295607320e+03
3.149120964902025662e+03
3.812418572842708272e+03
3.250468918904755355e+03
1.047302925524426200e+03
3.842450951240722556e+00
4.155516919909935656e-06
3.625741348596345585e-08
2.092759159674934317e-11
