2.144831214730586857e+06
1.980321556279477677e-11
3.373455993552436427e-08
3.836752550254695482e-06
3.643383405649245343e+00
1.096262137438719037e+03
3.005528541575523377e+03
3.923292058927636390e+03
3.183695885298915528e+03
2.268178014963219539e+03
3.128310251455364323e+03
5.232758786949808609e+02
4.088509146160138386e+00
3.057395439349856581e+00
2.903783637791818983e-03
1.859981101863692107e-06
1.900571003781888571e-10
9.325777005001249947e-15
1.780540611860071614e-20
4.163795397130557691e-26
4.304138612468268624e-28
2.422152067080680523e-28
3.950493695445008448e-28
1.947153777193633767e-28
8.971937455597967967e-28
1.477119092485246395e-28
2.940649601475753486e-28
7.822973927073543347e-29
3.397240256495934773e-28
7.061829747508908994e-29
1.622297260272076067e-28
7.383462913416969113e-29
1.997513407534781213e-27
6.048539275894644034e-29
1.614118194717837856e-28
6.180910613904080973e-29
2.989951353354383213e-28
6.363450349469690891e-29
1.744386332645466301e-28
7.790739998065735403e-29
7.228254146176045694e-28
7.721087835004744047e-29
1.636367621154047386e-28
5.469406184626697761e-29
3.043567859468048995e-28
5.146224477241237802e-29
1.540354700455038227e-28
5.627409551322512997e-29
1.529986298222389558e-27
5.313364626292867560e-29
1.568273709126686497e-28
5.181454825390419456e-29
2.986214292427261766e-28
5.968008672916231913e-29
1.762894854242050033e-28
8.548991080067340739e-29
6.877026175367246612e-28
7.805473928158478433e-29
1.820195310303789887e-28
5.777956583095605285e-29
3.003660784653475151e-28
4.980808061989004031e-29
1.478153152705204176e-28
5.419335211206101119e-29
5.982754495802172252e-27
5.204697750033600331e-29
1.501639169130243183e-28
5.122677923545444768e-29
3.003315582431081828e-28
5.679651191409041929e-29
1.743209552026635046e-28
7.668711671988351424e-29
6.877026175367246612e-28
8.500257655543372017e-29
1.840006871026879564e-28
5.657776396363313263e-29
2.986144730354094264e-28
5.080843940781401534e-29
1.516148212825321330e-28
5.577317467872372095e-29
1.529986298222389558e-27
5.391045423835369295e-29
1.523544744882450672e-28
5.219384825840016919e-29
3.043758225530379043e-28
5.444372193583012397e-29
1.635174427593984728e-28
7.969876596908906310e-29
7.228254146176045694e-28
8.686489969334573059e-29
1.820703668214506340e-28
6.229065432447933157e-29
2.989855693487073013e-28
5.766512753460473168e-29
1.583419700893660507e-28
6.175048488167443541e-29
1.997513407534781213e-27
7.060880541707136292e-29
1.597397922596566394e-28
7.214068772913430970e-29
3.397422038490943044e-28
7.668149206511446577e-29
2.927694829210799513e-28
1.417996715960147222e-28
8.971937455597967967e-28
1.921503869215669229e-28
3.960064785858272465e-28
2.349372635056307167e-28
4.304232733640297364e-28
4.164378192467228913e-26
1.780539393662882618e-20
9.325776999365640262e-15
1.900571003781888571e-10
1.859981101863660555e-06
2.903783637791831993e-03
3.057395439349856581e+00
4.088509146160138386e+00
5.232758786949808609e+02
3.128310251455364323e+03
2.268178014963219539e+03
3.183695885298915528e+03
3.923292058927636390e+03
3.005528541575522922e+03
1.096262137438719037e+03
3.643383405649245343e+00
3.836752550253774757e-06
3.373455993557136798e-08
1.980321556445983641e-11
