2.140810924868279602e+06
1.929445883094586460e-11
3.218419792739343669e-08
3.679559897255182650e-06
3.547081184047809810e+00
1.138292428353401419e+03
2.913622405291609084e+03
4.060987612364001052e+03
3.238376487130581609e+03
2.258457976442001836e+03
3.145370604812693728e+03
5.235738373697097359e+02
4.050461825476682876e+00
3.015020889268723359e+00
2.820701862803236953e-03
1.790265630365654680e-06
1.807739634987367693e-10
8.661667228559712647e-15
1.601475278692247099e-20
3.621386541834995863e-26
4.183673640850661494e-28
2.478048378893059454e-28
3.787331019168990216e-28
1.854874040357136092e-28
8.860329733616200568e-28
1.432973469543657808e-28
2.881600667127059832e-28
7.622443664380840615e-29
3.413387292323972308e-28
7.065880268560161880e-29
1.627692814908359841e-28
7.380574792972659084e-29
1.977244822764775313e-27
6.075704108757561788e-29
1.622292641062497511e-28
6.166730477840970357e-29
2.985028218140984876e-28
6.308623173123845651e-29
1.723419465532904823e-28
7.773850802762885541e-29
7.258097650746747276e-28
7.648273961288595045e-29
1.637295343459251258e-28
5.411241678736241437e-29
3.051208581932544805e-28
5.094374821653881614e-29
1.551914538035354411e-28
5.600083751119211858e-29
1.541829092435881111e-27
5.263227680238526960e-29
1.560951138282618039e-28
5.239689203292253797e-29
3.019189415480794205e-28
5.922450388329930631e-29
1.765984448903008034e-28
8.643294754389922014e-29
6.929624679873981527e-28
7.971364566169722150e-29
1.784408857235381941e-28
5.827047964846061711e-29
3.007017757418281803e-28
5.016072010668148553e-29
1.475367206760289581e-28
5.344670666805224535e-29
5.701844790955517970e-27
5.161271879753798696e-29
1.487121358184931493e-28
5.145993202274271011e-29
3.006721995991146418e-28
5.695828192785509165e-29
1.711446770641742738e-28
7.679938548197161769e-29
6.929624679873981527e-28
8.682049555109114816e-29
1.811596472323138463e-28
5.580801494631020248e-29
3.018287170058480885e-28
5.189213523154554058e-29
1.512599662816022352e-28
5.544668254114523143e-29
1.541829092435881111e-27
5.337454390938899296e-29
1.532451286428781468e-28
5.184845228394929000e-29
3.051430190202648067e-28
5.416901255696393471e-29
1.636456783330117898e-28
7.902716219088004661e-29
7.258097650746747276e-28
8.736390189425557832e-29
1.798776698971593149e-28
6.218849411419553523e-29
2.984812884208341387e-28
5.764599060100709929e-29
1.590250547499125830e-28
6.193107539528674983e-29
1.977244822764775313e-27
7.068668204504708097e-29
1.600187090032678499e-28
7.256810217018852760e-29
3.413630114352071028e-28
7.489737148197855803e-29
2.861822260750052667e-28
1.362210765593435235e-28
8.860329733616200568e-28
1.835265638770831831e-28
3.794365602585259932e-28
2.399990682925070180e-28
4.184002472025777704e-28
3.621121193289631007e-26
1.601474825053406876e-20
8.661667220240988230e-15
1.807739634987367693e-10
1.790265630365644092e-06
2.820701862803249096e-03
3.015020889268723359e+00
4.050461825476683764e+00
5.235738373697097359e+02
3.145370604812693728e+03
2.258457976442002291e+03
3.238376487130581609e+03
4.060987612364001052e+03
2.913622405291609084e+03
1.138292428353401419e+03
3.547081184047809810e+00
3.679559897254219997e-06
3.218419792744456307e-08
1.929445883251545274e-11
