2.136342007836697157e+06
1.889178124229082979e-11
3.092142274990285029e-08
3.563151761148978976e-06
3.482937916403049172e+00
1.183034699811187693e+03
2.904903173976041671e+03
4.216352736703295705e+03
3.301370296910576144e+03
2.276786828728043474e+03
3.222889987404179919e+03
5.307197609428105807e+02
4.077937062587773553e+00
3.006683162321639013e+00
2.753357818974562325e-03
1.712419025607651259e-06
1.702807051680289642e-10
7.993995789791673767e-15
1.436440734989716844e-20
3.130775924053011040e-26
4.206712097421004810e-28
2.522408814727625745e-28
3.648583498299862830e-28
1.791096257338828991e-28
8.851617201227345599e-28
1.413353243035011608e-28
2.862096401386024455e-28
7.483765232562227178e-29
3.447570191162441955e-28
7.052348650721143072e-29
1.613316357863186775e-28
7.358812117737363469e-29
2.013703702419601728e-27
6.033608073095798120e-29
1.607834082970622847e-28
6.303859252625505084e-29
3.012854494344057107e-28
6.378786028257251492e-29
1.719627387643590300e-28
7.997685296976806349e-29
7.307867317382346090e-28
7.611978376959307390e-29
1.641754229261704029e-28
5.518064269969603569e-29
2.995308898640762354e-28
5.183603363268323286e-29
1.542002323728353146e-28
5.676446921263995014e-29
1.514107334282673490e-27
5.297124106287219343e-29
1.578939988263948367e-28
5.251022212080389606e-29
3.027067513048393242e-28
6.032270205732259711e-29
1.771057788920445418e-28
8.559030422458471981e-29
6.891457988868845015e-28
8.099504857298426736e-29
1.799961833680843422e-28
5.913296375056415642e-29
2.985029307789973448e-28
5.049618929355314467e-29
1.497950605602028221e-28
5.426844933799207991e-29
5.855793515653852118e-27
5.235359688721075400e-29
1.519603897071550811e-28
5.150104127657687817e-29
2.985307618469219223e-28
5.761252706550650442e-29
1.727909522193867103e-28
7.845645549291286015e-29
6.891457988868845015e-28
8.487475500250629521e-29
1.824148898490469824e-28
5.727046073222269001e-29
3.026870658756871214e-28
5.205813537166005867e-29
1.533536369404055289e-28
5.551488271560827860e-29
1.514107334282673490e-27
5.413113714412849712e-29
1.524610535777820216e-28
5.261141431058624421e-29
2.995376625975105850e-28
5.498543598627054298e-29
1.634674449556196122e-28
7.968273063951108281e-29
7.307867317382346090e-28
9.004131806594628412e-29
1.799433065511997568e-28
6.219851134749585871e-29
3.012921846480521540e-28
5.843185821411846454e-29
1.576389236072660696e-28
6.227411210680529811e-29
2.013703702419601728e-27
6.989077423219605622e-29
1.582838772813907432e-28
7.283243859038932698e-29
3.448055745305690203e-28
7.337055560414093232e-29
2.851583230891753358e-28
1.341554801891243956e-28
8.851617201227345599e-28
1.783210553493734071e-28
3.662751971406987915e-28
2.444765031404246579e-28
4.207282881969112140e-28
3.129849816853875004e-26
1.436441050690988959e-20
7.993995778467203130e-15
1.702807051680289642e-10
1.712419025607688741e-06
2.753357818974571432e-03
3.006683162321639013e+00
4.077937062587773553e+00
5.307197609428104670e+02
3.222889987404180374e+03
2.276786828728043474e+03
3.301370296910576144e+03
4.216352736703294795e+03
2.904903173976042126e+03
1.183034699811187693e+03
3.482937916403050060e+00
3.563151761148000653e-06
3.092142274995520751e-08
1.889178124395610269e-11
