2.129143950742514338e+06
1.833735206220958286e-11
2.970040504196132530e-08
3.445943427508213411e-06
3.476791770314627605e+00
1.244839989522415181e+03
3.044157410907757367e+03
4.432407042930820353e+03
3.360140982975851784e+03
2.284974827961766096e+03
3.403360341965514181e+03
5.466480068007850832e+02
4.022248757243042760e+00
2.910696941955883243e+00
2.580121992859791234e-03
1.544242081316753100e-06
1.499806748476277386e-10
6.907875478617854726e-15
1.206230182267110153e-20
2.528356598586574294e-26
4.095197728228681290e-28
2.606470385089693651e-28
3.538163649245818736e-28
1.697039888614443303e-28
8.560560132528719666e-28
1.374512883575091133e-28
2.756959789219639751e-28
7.471443252910488651e-29
3.408348919898182552e-28
7.204545040206691916e-29
1.612027222429698694e-28
7.340255240146914516e-29
2.032914341483818993e-27
6.056184494726485299e-29
1.625771440234415841e-28
6.292528248232629481e-29
2.987837058892033735e-28
6.337634715850857477e-29
1.706548688165903673e-28
7.992726017362223691e-29
7.293338374928250498e-28
7.647784237449361207e-29
1.642559303875758090e-28
5.577091054598318918e-29
3.035089280365400074e-28
5.230363218663991088e-29
1.552175671106906823e-28
5.769641560529000968e-29
1.533242909699708136e-27
5.287658352876785831e-29
1.573273813160840344e-28
5.322751650151103610e-29
3.029350710218451706e-28
5.994303644237604493e-29
1.770843959443705815e-28
8.681525001782855531e-29
6.886319077587800873e-28
8.060624583335584913e-29
1.784133503050247374e-28
5.937679970910235078e-29
3.021778390572716433e-28
5.102802023601584139e-29
1.505165859695079422e-28
5.585076869093143923e-29
5.850515700326187323e-27
5.335316967038511398e-29
1.522667826078572830e-28
5.239370765768254917e-29
3.021451265444096037e-28
5.784295035041123167e-29
1.715239816117275027e-28
7.773824922113719475e-29
6.886319077587800873e-28
8.660798716064383006e-29
1.831055610570659125e-28
5.730353690588632173e-29
3.029005321247626305e-28
5.244899320233249815e-29
1.522614700340518657e-28
5.595686776093838678e-29
1.533242909699708136e-27
5.518151471120200238e-29
1.532970102778761213e-28
5.307309204488297204e-29
3.034830042634729490e-28
5.565315572173567810e-29
1.630888270211416051e-28
7.879220834411128546e-29
7.293338374928250498e-28
9.129268508936266887e-29
1.787158099366401610e-28
6.208395807964541612e-29
2.987684893599033858e-28
5.801513598773298384e-29
1.590811651920879390e-28
6.208908252760968324e-29
2.032914341483818993e-27
6.910804411980573684e-29
1.585206947762861369e-28
7.443108321694565217e-29
3.409089294391141105e-28
7.347624111163126236e-29
2.736278603007858879e-28
1.302541199711341211e-28
8.560560132528719666e-28
1.703996894581286620e-28
3.553419395216033957e-28
2.505211772760036297e-28
4.095837492458858677e-28
2.525819350279362310e-26
1.206229823093918862e-20
6.907875467712401758e-15
1.499806748476277386e-10
1.544242081316788252e-06
2.580121992859802510e-03
2.910696941955882799e+00
4.022248757243042760e+00
5.466480068007850832e+02
3.403360341965513726e+03
2.284974827961766096e+03
3.360140982975851784e+03
4.432407042930820353e+03
3.044157410907757367e+03
1.244839989522415181e+03
3.476791770314628049e+00
3.445943427507118621e-06
2.970040504201938015e-08
1.833735206389083715e-11
