2.117040237290889956e+06
1.724099317066918185e-11
2.790070770622961031e-08
3.310894902907248801e-06
3.584212639923178401e+00
1.316376390620674556e+03
3.235834401959328716e+03
4.789555493190700872e+03
3.581680856637246507e+03
2.276448344130787063e+03
3.413770711234366900e+03
5.183459389291587058e+02
3.633898019765124054e+00
2.634692501198940384e+00
2.289715701143379360e-03
1.252710305881719469e-06
1.166774452673119676e-10
5.343221331970781060e-15
9.099824671124985729e-21
1.789807019536388238e-26
3.942282681508892310e-28
3.063174721970658095e-28
4.472553402129271737e-28
1.702036043803609189e-28
8.341860622688078466e-28
1.381515769931575529e-28
2.832899441793604138e-28
7.857058765774452924e-29
3.525675749646537657e-28
7.510342943386965792e-29
1.632093810350049463e-28
7.666081827680927148e-29
2.016111680783837297e-27
6.140416620173808635e-29
1.640811782994626828e-28
6.512178755118536118e-29
3.019070417314760953e-28
6.532091990860884093e-29
1.708959939238969745e-28
8.136231141496926962e-29
7.225301389070086799e-28
7.733002296621677226e-29
1.667215026548536467e-28
5.640404822818276508e-29
3.070277524425644966e-28
5.301804405834318205e-29
1.585879332287419677e-28
5.925788758656185708e-29
1.537304220898730113e-27
5.486968692327347645e-29
1.614120757105988399e-28
5.394861586558453202e-29
3.045971243089784715e-28
6.038831840768245707e-29
1.764198727706500040e-28
8.701555595114638341e-29
6.852256639832148180e-28
8.362689220987721389e-29
1.817302256667850583e-28
6.083875269003533368e-29
3.019152814619447034e-28
5.194854021462395942e-29
1.502590469085684709e-28
5.681077814630319810e-29
5.879621522974404811e-27
5.448731318807433382e-29
1.525874198519077256e-28
5.259889191370934970e-29
3.019154945666692627e-28
5.913609132625992714e-29
1.743544215062202205e-28
8.175753711430511448e-29
6.852256639832148180e-28
8.626658291870632738e-29
1.840652519280149984e-28
5.813300144152202084e-29
3.045926505597266943e-28
5.314410615836150264e-29
1.553710214460304261e-28
5.790733177571979493e-29
1.537304220898730113e-27
5.648345087690693967e-29
1.563599505337413878e-28
5.388802738668148051e-29
3.070206684327225561e-28
5.648886545334396187e-29
1.650009063476133978e-28
8.071653380919178911e-29
7.225301389070086799e-28
9.334913577994211197e-29
1.795074956462092200e-28
6.366279875577543002e-29
3.019112462292657107e-28
5.938078764379919713e-29
1.604925100811107191e-28
6.315825870136649217e-29
2.016111680783837297e-27
7.297701189395775135e-29
1.602025022874840232e-28
7.777477641871637799e-29
3.526361415892627384e-28
7.673672964906417902e-29
2.819761406594358208e-28
1.308945789708245025e-28
8.341860622688078466e-28
1.717400254353671697e-28
4.479627279799184498e-28
2.938131015398365778e-28
3.943195593414346546e-28
1.786040164650716322e-26
9.099806790998413488e-21
5.343221326490378969e-15
1.166774452673119676e-10
1.252710305881647260e-06
2.289715701143382829e-03
2.634692501198940384e+00
3.633898019765124054e+00
5.183459389291588195e+02
3.413770711234366900e+03
2.276448344130787063e+03
3.581680856637246507e+03
4.789555493190700872e+03
3.235834401959328716e+03
1.316376390620674329e+03
3.584212639923178401e+00
3.310894902906113777e-06
2.790070770627522436e-08
1.724099317210793004e-11
