2.100270510394157376e+06
1.481934750394753371e-11
2.463982609589489462e-08
3.203796077916960803e-06
3.693724436473956541e+00
1.399492756373191924e+03
3.362536590332610103e+03
4.925847541347056904e+03
3.919247679898137903e+03
2.356533884139176280e+03
3.438189581303413888e+03
5.200586494265057809e+02
3.583531913815485304e+00
2.751098651447355437e+00
2.446998172782340226e-03
1.220127056940639904e-06
1.075178263596449789e-10
4.789542626619366214e-15
7.804548382939539348e-21
1.437648964380539683e-26
3.998417681684577178e-28
3.386421754069448305e-28
5.787726514438898275e-28
1.692695130374614210e-28
8.744842278813844699e-28
1.438408196632395662e-28
3.150252252877439618e-28
8.062689615296247120e-29
3.653549536740321177e-28
8.144367821690003238e-29
1.632904170544294484e-28
7.877381223742227981e-29
2.033023319064967812e-27
6.228023859252894568e-29
1.648495706028668560e-28
6.509515239285715934e-29
3.005152830003664722e-28
6.606755729978506009e-29
1.744887519605203253e-28
8.584573801034721660e-29
7.395896270495532985e-28
7.897412177184413088e-29
1.676721779559717412e-28
5.796993195724035386e-29
3.067075464044323492e-28
5.366438486376434879e-29
1.580190841218108077e-28
5.936256866633238044e-29
1.535440642564990023e-27
5.457019328625790403e-29
1.606075574101623083e-28
5.488121363119423629e-29
3.047180742773529688e-28
6.218820470127624519e-29
1.793438052936534218e-28
8.875685077710700280e-29
7.037869463882396294e-28
8.404593231980213818e-29
1.827686369532628222e-28
6.180444777626345981e-29
3.015068351377684081e-28
5.305583595355570304e-29
1.503190547469499737e-28
5.693214640297953041e-29
5.877641294752051878e-27
5.483436688067998283e-29
1.520612131790331934e-28
5.423977631885983667e-29
3.014945052822760851e-28
6.084581569427129204e-29
1.756844530213113537e-28
8.228291831792306501e-29
7.037869463882396294e-28
8.966118354382042436e-29
1.837284609535320976e-28
5.873960228168699772e-29
3.046699486123225143e-28
5.500016501890451265e-29
1.544936194145974256e-28
5.787450851883201704e-29
1.535440642564990023e-27
5.637897560243826346e-29
1.562597854112884090e-28
5.436601068120428361e-29
3.067515440199693246e-28
5.776029838004935350e-29
1.677317558076894516e-28
8.195578705873198519e-29
7.395896270495532985e-28
9.879516265208124416e-29
1.826362471116916745e-28
6.402097355812800090e-29
3.005351538578483198e-28
5.929896156404607600e-29
1.607242673655170285e-28
6.289483889305336849e-29
2.033023319064967812e-27
7.483662108870354921e-29
1.601576919765055881e-28
8.309900433969889284e-29
3.653976873742915957e-28
7.853753187173633022e-29
3.130459638298733845e-28
1.358069332964927138e-28
8.744842278813844699e-28
1.676151889408691096e-28
5.824989015612719707e-28
3.261603243847362299e-28
3.999156461939203626e-28
1.434917899998086591e-26
7.804541776883553584e-21
4.789542607474455940e-15
1.075178263596449789e-10
1.220127056940654515e-06
2.446998172782345431e-03
2.751098651447355437e+00
3.583531913815486192e+00
5.200586494265056672e+02
3.438189581303413888e+03
2.356533884139176280e+03
3.919247679898137903e+03
4.925847541347057813e+03
3.362536590332609649e+03
1.399492756373191924e+03
3.693724436473957429e+00
3.203796077915692795e-06
2.463982609591674212e-08
1.481934750511400378e-11
