2.090103605280853575e+06
1.371331676542193809e-11
2.278601873349946554e-08
3.151520078252694080e-06
3.906107976080385846e+00
1.431703676489397594e+03
3.390600078165154628e+03
4.801765303922428757e+03
3.994796831670569645e+03
2.409123097312789469e+03
3.430172036773492437e+03
4.924826073402588804e+02
3.856646174534041460e+00
3.051205363650208557e+00
2.815653357930618297e-03
1.453418652383787275e-06
1.260026896956813575e-10
5.384092027197607053e-15
8.732058831613908658e-21
1.635799371649383310e-26
3.938555215111733212e-28
3.004089080393264570e-28
5.076513331947798373e-28
1.684608563795055595e-28
8.685813109505399523e-28
1.458419329974550699e-28
3.181702300729402071e-28
7.778281324508846528e-29
3.621355370505944159e-28
7.712361576651235207e-29
1.638697145349608481e-28
7.467883070735722973e-29
2.043592200124091956e-27
6.211831031930168224e-29
1.634227909406377894e-28
6.531220764571548921e-29
2.998904062167392067e-28
6.634736228095978733e-29
1.752205794990107131e-28
8.399189154528971712e-29
7.298415692834487124e-28
7.799372692042578817e-29
1.706848872702068908e-28
5.729177979684235913e-29
3.058876338382977539e-28
5.429018985500496856e-29
1.573376459237358039e-28
5.949506568069433495e-29
1.535801346574606079e-27
5.469020187558169657e-29
1.581803740545773816e-28
5.431193853459670288e-29
3.049005938935513633e-28
6.141794897730008874e-29
1.775491389722313000e-28
8.814271404820608256e-29
6.987080515640030469e-28
8.463161155936017696e-29
1.816208917864243180e-28
6.200539509272577100e-29
2.995261203905431263e-28
5.270971427754614605e-29
1.507840073006517079e-28
5.624407884684852360e-29
5.902369252252132489e-27
5.403638241042917300e-29
1.528066960252089075e-28
5.388946654304437482e-29
2.995095151722482956e-28
6.081287383177995906e-29
1.721648418821083178e-28
8.106450003273395323e-29
6.987080515640030469e-28
8.661545501621388622e-29
1.848110440853763071e-28
5.887813304651740589e-29
3.048770680628908449e-28
5.445646520539802723e-29
1.524081361769857129e-28
5.784138247360859667e-29
1.535801346574606079e-27
5.671623002589727432e-29
1.548533194439764006e-28
5.494830440091432536e-29
3.058823037561141849e-28
5.729832754957561178e-29
1.678283334538320526e-28
8.160736961677621340e-29
7.298415692834487124e-28
9.696972637319892440e-29
1.834692135262626523e-28
6.423390665226328697e-29
2.998985259894513729e-28
5.963463144771182343e-29
1.600473236063597701e-28
6.317120203147627562e-29
2.043592200124091956e-27
7.048675984384627711e-29
1.607422970747768111e-28
7.781116026254478789e-29
3.621608109613488035e-28
7.619224998677654632e-29
3.162585383256088670e-28
1.390348332726185566e-28
8.685813109505399523e-28
1.646008035881139798e-28
5.122031473338936428e-28
2.916324085287679495e-28
3.939255873263318188e-28
1.636616432342515976e-26
8.732046891082261469e-21
5.384092012013643115e-15
1.260026896956813575e-10
1.453418652383795110e-06
2.815653357930630440e-03
3.051205363650209446e+00
3.856646174534042348e+00
4.924826073402588804e+02
3.430172036773492891e+03
2.409123097312789469e+03
3.994796831670569645e+03
4.801765303922428757e+03
3.390600078165154628e+03
1.431703676489397594e+03
3.906107976080386734e+00
3.151520078251530256e-06
2.278601873350587122e-08
1.371331676655155661e-11
