2.087584039911985863e+06
1.356797648757057218e-11
2.246405407563743080e-08
3.136698395622516460e-06
3.961316451036449582e+00
1.438024972803248374e+03
3.416190885901512047e+03
4.765029486207909940e+03
4.031065224456544456e+03
2.429048764622194994e+03
3.448690395666855693e+03
4.901874708148308741e+02
4.025302119046544114e+00
3.205137104852713303e+00
2.995993318991333962e-03
1.569647941349576981e-06
1.352639490526775029e-10
5.713767030497274541e-15
9.263022121369391491e-21
1.741369131066914316e-26
3.932721155809702245e-28
2.942180575434328179e-28
4.935665151065144323e-28
1.697785577452222621e-28
8.757709133074099028e-28
1.513219376525059778e-28
3.131454980029615220e-28
7.608943708981577253e-29
3.618804101847395530e-28
7.523402300626272939e-29
1.635160752281717132e-28
7.418420338048806780e-29
1.973197328593856787e-27
6.199902074026324135e-29
1.647602350309955058e-28
6.512021145165509454e-29
3.027753855535556339e-28
6.636885746093911307e-29
1.757640942832151722e-28
8.435598315514264651e-29
7.264485652191709141e-28
7.861526812026448361e-29
1.690433069796955854e-28
5.741586892450709670e-29
3.078889208848382275e-28
5.361567706809085174e-29
1.571740844009306228e-28
5.963733381612417903e-29
1.526069769201522270e-27
5.532096983544017860e-29
1.611757775641198061e-28
5.364441609546894709e-29
3.045814719021351343e-28
6.175250528623628471e-29
1.791293834871727547e-28
8.754056509329902709e-29
6.959742135835883369e-28
8.334417336326108509e-29
1.838427604219539622e-28
6.180415810659347831e-29
2.985257306125398805e-28
5.274436945029901314e-29
1.529108296900554531e-28
5.723382327540485308e-29
5.760749435645619587e-27
5.517314844721729961e-29
1.548085689107243882e-28
5.467600812036061069e-29
2.984769493543000582e-28
6.041559567655129427e-29
1.748027715448025991e-28
8.091028386902632288e-29
6.959742135835883369e-28
8.745555713138010616e-29
1.838682541018458548e-28
5.918948841243258833e-29
3.045379444197756229e-28
5.334404117743283976e-29
1.553582982389939771e-28
5.842251229498089542e-29
1.526069769201522270e-27
5.676843697856746857e-29
1.551233778589636638e-28
5.441245068259055961e-29
3.079321016064619358e-28
5.708649161131581019e-29
1.661180983995534862e-28
8.310616619205386587e-29
7.264485652191709141e-28
9.612360129273967245e-29
1.852828098065976187e-28
6.414871112522193346e-29
3.027840634770887341e-28
5.944060757939071710e-29
1.612602180418659298e-28
6.273782965305596671e-29
1.973197328593856787e-27
7.065967575611013404e-29
1.603940984853940610e-28
7.552119595793430471e-29
3.618925852827287848e-28
7.470728155308297279e-29
3.116654207238906957e-28
1.438852720899339583e-28
8.757709133074099028e-28
1.661754515170977050e-28
4.962535175392072295e-28
2.861166432506901238e-28
3.933390023058004460e-28
1.742938336515390690e-26
9.263011409652004293e-21
5.713767018071196727e-15
1.352639490526775029e-10
1.569647941349585028e-06
2.995993318991342635e-03
3.205137104852712859e+00
4.025302119046544114e+00
4.901874708148308741e+02
3.448690395666856602e+03
2.429048764622194994e+03
4.031065224456544456e+03
4.765029486207911759e+03
3.416190885901512047e+03
1.438024972803248374e+03
3.961316451036448694e+00
3.136698395621334849e-06
2.246405407564235749e-08
1.356797648868164538e-11
