2.204028744291742332e+06
3.017628063697144926e-11
5.167250107303611597e-08
5.537988260510734121e-06
4.748577392256152940e+00
1.089638027554470682e+03
4.146679473123970638e+03
4.754718015856996317e+03
4.542869082978283586e+03
1.907052190887450024e+03
2.753008630849996280e+03
4.581539051895119883e+02
3.438365480587389111e+00
3.240016499312306397e+00
3.787955488445804604e-03
3.001950279530648741e-06
3.754007023253663971e-10
2.144526717601582921e-14
4.709894537508664056e-20
1.350938217116453249e-25
6.679038775551346374e-28
2.560793856253574487e-28
6.665482849061365279e-28
2.002860944936427395e-28
1.035085697933800839e-27
2.298849301914495932e-28
2.984872817723330745e-28
9.324908616666571300e-29
3.536687638553313320e-28
7.407774487812423524e-29
1.714279703216259245e-28
9.472743482585578802e-29
2.026867635924313794e-27
6.467169148199296887e-29
1.687692981544139925e-28
6.746456281807134935e-29
3.052587437525605258e-28
6.764332472074567876e-29
1.809495611266091950e-28
8.942563442201766458e-29
7.611570518168042455e-28
8.128897869640988025e-29
1.701488960434242283e-28
5.661515865253178867e-29
3.078759492498991825e-28
5.327560903989541108e-29
1.593763928985771508e-28
5.868027408511863033e-29
1.531127254317566166e-27
5.560549562005566650e-29
1.616962811412775916e-28
5.428779613069590299e-29
3.053822675156064129e-28
6.054745087859642570e-29
1.794747637460985189e-28
9.193977147347657569e-29
7.267755027234606987e-28
8.562056054611962565e-29
1.921781606378321000e-28
6.130465828998199335e-29
3.016437980343606821e-28
5.175637637689815279e-29
1.526302368923444692e-28
5.605247023637221112e-29
5.848546517011196151e-27
5.416627947089164660e-29
1.541911451579801423e-28
5.281341539735209433e-29
3.016149974171737139e-28
6.015161938817578829e-29
1.827543202024893307e-28
8.256036769179471382e-29
7.267755027234606987e-28
9.262424851716740736e-29
1.849314478757435644e-28
5.834365194813872462e-29
3.053706305889829429e-28
5.379218430266201332e-29
1.569599430793702942e-28
5.820618671997584519e-29
1.531127254317566166e-27
5.591887129966061159e-29
1.565431893955573933e-28
5.398285459264887737e-29
3.078848332389502773e-28
5.657141753556654608e-29
1.697114541444020034e-28
8.422548994134386531e-29
7.611570518168042455e-28
1.019906401147225872e-28
1.903369799397032147e-28
6.712891317788283692e-29
3.052695442658478518e-28
6.134731927634027365e-29
1.641154984328997452e-28
6.628664353183723699e-29
2.026867635924313794e-27
9.239544937783246074e-29
1.684047737519814843e-28
7.467659679219141355e-29
3.536707459754152794e-28
9.187405020393789815e-29
2.937734869124086922e-28
2.186489483827036733e-28
1.035085697933800839e-27
1.983905663255804119e-28
6.640296641650135450e-28
2.507633832291930725e-28
6.680153603988682993e-28
1.351263281936394748e-25
4.709887033487432762e-20
2.144526721961175382e-14
3.754007023253663971e-10
3.001950279530421313e-06
3.787955488445812410e-03
3.240016499312305953e+00
3.438365480587389111e+00
4.581539051895119883e+02
2.753008630849996734e+03
1.907052190887450024e+03
4.542869082978283586e+03
4.754718015856996317e+03
4.146679473123970638e+03
1.089638027554470682e+03
4.748577392256153828e+00
5.537988260511085640e-06
5.167250107304972143e-08
3.017628063814346079e-11
