2.082321904228884028e+06
1.325669738852756830e-11
2.183665970462627026e-08
3.097178033305730622e-06
4.071440113700885988e+00
1.447207507577081969e+03
3.502722374108040185e+03
4.707714816364180479e+03
4.094795615970016570e+03
2.484174685523920743e+03
3.516533714809477715e+03
4.933280399718905187e+02
4.538774922115230481e+00
3.655289255550393968e+00
3.503219438681988429e-03
1.883383337022869521e-06
1.594607581018823845e-10
6.563445921847758101e-15
1.059166830671512559e-20
1.997741495602121346e-26
3.938182463502904117e-28
2.831906307561492052e-28
4.848818122772322476e-28
1.694085963921169805e-28
8.753274822630224010e-28
1.552672795691683275e-28
3.233717874646835578e-28
7.578058070709802924e-29
3.640044232527167153e-28
7.532140472174072367e-29
1.627158761317910553e-28
7.365579416524244084e-29
2.048456304331548629e-27
6.192684030626216993e-29
1.646761760897929035e-28
6.355215752278139430e-29
3.017689923633160193e-28
6.630778322183967297e-29
1.763294123178346909e-28
8.266496895006157652e-29
7.198733249891783529e-28
7.758637488056196767e-29
1.680882711278018421e-28
5.730804863810800459e-29
3.088971984911956841e-28
5.400268131874989048e-29
1.579877269936967402e-28
5.958618866336020765e-29
1.536206092275817477e-27
5.599358244899365176e-29
1.603955907007621238e-28
5.530479583518854057e-29
3.035653036894698403e-28
6.234259989101413632e-29
1.805670671082360768e-28
8.904713063474320773e-29
6.999361355692164924e-28
8.377865044133708636e-29
1.838754546566571837e-28
6.232121834281181806e-29
3.016770404709502830e-28
5.269899106927434326e-29
1.527075480191126276e-28
5.657677169590036162e-29
5.898405553477754305e-27
5.473536127984444543e-29
1.547159483891518582e-28
5.373385566616689939e-29
3.016915939310483511e-28
6.093728931368383567e-29
1.758296495757116905e-28
8.111684490416200149e-29
6.999361355692164924e-28
8.824420825484724150e-29
1.855418512845460161e-28
5.966325720805781905e-29
3.036053088430254615e-28
5.472258776977653886e-29
1.546102261569418401e-28
5.876107521507706900e-29
1.536206092275817477e-27
5.639251088759491770e-29
1.557567287542665091e-28
5.455792987911077337e-29
3.088923566733149474e-28
5.742504753320519244e-29
1.667700367886927623e-28
8.238089459241087738e-29
7.198733249891783529e-28
9.466975313743023684e-29
1.850722492141648424e-28
6.400125965353838130e-29
3.018194374059028080e-28
5.831509214824708400e-29
1.607799915025032840e-28
6.339449991927742447e-29
2.048456304331548629e-27
7.034083327959191662e-29
1.601699359730359817e-28
7.563436017067006481e-29
3.640194813146626958e-28
7.449246834785158924e-29
3.210931120287181160e-28
1.486695204770755846e-28
8.753274822630224010e-28
1.663542243391263915e-28
4.897120120398043693e-28
2.766143502279585583e-28
3.938862191415188357e-28
1.999645350940766042e-26
1.059166182171685191e-20
6.563445917220053906e-15
1.594607581018823845e-10
1.883383337022977095e-06
3.503219438681997536e-03
3.655289255550394412e+00
4.538774922115231369e+00
4.933280399718906324e+02
3.516533714809477715e+03
2.484174685523920289e+03
4.094795615970016570e+03
4.707714816364180479e+03
3.502722374108041095e+03
1.447207507577081969e+03
4.071440113700885988e+00
3.097178033304753569e-06
2.183665970461892821e-08
1.325669738966107716e-11
