2.076363086046445416e+06
1.285805635872413877e-11
2.118538543135068574e-08
3.051394977886732545e-06
4.188664356404065536e+00
1.451457605058480340e+03
3.596546421056481904e+03
4.686539580490273693e+03
4.197521219183789981e+03
2.592492362169882199e+03
3.627059480794886895e+03
5.100405458878286140e+02
5.276148767025933495e+00
4.273057603416949846e+00
4.138996452299877060e-03
2.243054036662821798e-06
1.853877377654668365e-10
7.418858853984582411e-15
1.184087594518970128e-20
2.218692633420251858e-26
4.003801789888482457e-28
2.843781314364017147e-28
5.021616295844325721e-28
1.642667318759926119e-28
8.984261157703045073e-28
1.593125111723496405e-28
3.259162130178786017e-28
7.742621220167421959e-29
3.613382402656040413e-28
7.563300350017547329e-29
1.649010610440729489e-28
7.520833374342759116e-29
2.014231469234637823e-27
6.326765698652254146e-29
1.651416662246178142e-28
6.447458807598350873e-29
3.039314961613834280e-28
6.738929611484455112e-29
1.753573355193651112e-28
8.307268821158445349e-29
7.351283665108674758e-28
7.857033677638128589e-29
1.696458018182646702e-28
5.851896393989078048e-29
3.079235946763014361e-28
5.429815391131970786e-29
1.571585387738571005e-28
5.961904385351731849e-29
1.539343594011659120e-27
5.618797929258391179e-29
1.629002425119680013e-28
5.538862180694735300e-29
3.071166970853277660e-28
6.255199748149393490e-29
1.827527287533197155e-28
9.090753197180062950e-29
6.989644601844111560e-28
8.415705587698583635e-29
1.839451238616257410e-28
6.380320653709451849e-29
3.023360619545040411e-28
5.338032071823058666e-29
1.521559287105029522e-28
5.704585488489524148e-29
5.886087906611226308e-27
5.474892645397995739e-29
1.547441715838031953e-28
5.467028152096408404e-29
3.023344090340197772e-28
6.180830202858353086e-29
1.745995959433733903e-28
8.152525674335731730e-29
6.989644601844111560e-28
8.854324718933258555e-29
1.863258603925509811e-28
6.071380684298122525e-29
3.071127806486067296e-28
5.482185490189582162e-29
1.572072174380749683e-28
5.926281544342999845e-29
1.539343594011659120e-27
5.639124765781354895e-29
1.544374133416420435e-28
5.497494653420630600e-29
3.078873154505974758e-28
5.855750297628713500e-29
1.684530985176383068e-28
8.159088161478349402e-29
7.351283665108674758e-28
9.609204399397342452e-29
1.850009720413031600e-28
6.511344651941683507e-29
3.039836756045410347e-28
5.926046430185150068e-29
1.611844601222648253e-28
6.491802655480205863e-29
2.014231469234637823e-27
7.194084613020937141e-29
1.618803061492368504e-28
7.632352653411316379e-29
3.613884346581258999e-28
7.614241561243461960e-29
3.227746014325269960e-28
1.545506016638576310e-28
8.984261157703045073e-28
1.632852279622368868e-28
5.050495025318447229e-28
2.785130656464890982e-28
4.004463825598870861e-28
2.219860448635890516e-26
1.184087407114783946e-20
7.418858861704215880e-15
1.853877377654668365e-10
2.243054036663027203e-06
4.138996452299887469e-03
4.273057603416949846e+00
5.276148767025934383e+00
5.100405458878286709e+02
3.627059480794886895e+03
2.592492362169882199e+03
4.197521219183789981e+03
4.686539580490273693e+03
3.596546421056480995e+03
1.451457605058480340e+03
4.188664356404065536e+00
3.051394977885886359e-06
2.118538543133955189e-08
1.285805635990786331e-11
