2.073002760779770790e+06
1.263437044389688561e-11
2.087552136940370163e-08
3.029168050886671210e-06
4.255286062663781621e+00
1.452764004256576300e+03
3.649267940357344287e+03
4.681951518575198861e+03
4.262336824568789780e+03
2.672634520087507099e+03
3.686579081102231612e+03
5.227941957239478370e+02
5.686953179786759627e+00
4.601872036614664374e+00
4.452434083723860216e-03
2.407632072659985539e-06
1.964099750049418244e-10
7.750070576924527966e-15
1.227689374597757342e-20
2.290937556942551006e-26
4.083873645524093492e-28
2.847188601640589259e-28
5.152358399753574880e-28
1.630469451116918464e-28
9.007568173408242529e-28
1.610654332050454449e-28
3.311314010906026503e-28
7.683684717081927536e-29
3.672903252665342728e-28
7.581693031104796412e-29
1.637008190185381650e-28
7.506099417357960701e-29
2.015506613987956366e-27
6.265093636665943504e-29
1.643778300653529946e-28
6.475668544671174150e-29
2.998944495960071309e-28
6.774488174022912299e-29
1.779370268706832070e-28
8.402020873302711877e-29
7.310482191035918986e-28
7.892611571325501975e-29
1.703016078640319043e-28
5.910625568138343486e-29
3.091807019146426537e-28
5.430654576367451531e-29
1.576382048081710485e-28
6.049479302919332036e-29
1.545612230616667951e-27
5.605035091714773005e-29
1.629481862603454298e-28
5.567917201157826945e-29
3.069315072491863211e-28
6.229029290456658887e-29
1.847474179178831692e-28
9.276690803614321812e-29
7.010551405308074727e-28
8.430695325395750390e-29
1.864591694471879706e-28
6.312865419793392301e-29
3.027520409238253995e-28
5.346258083861247736e-29
1.535000224132830718e-28
5.700529178411379977e-29
5.945617196130530038e-27
5.494458651421704751e-29
1.561481783226651780e-28
5.490131508106236835e-29
3.027456968666366593e-28
6.165678922636333288e-29
1.781003385817574166e-28
8.207145200711494127e-29
7.010551405308074727e-28
9.009046406671207754e-29
1.909217928794945410e-28
6.017951569132435932e-29
3.069659541764297486e-28
5.533247466363477207e-29
1.566628982193177714e-28
5.899303589025142764e-29
1.545612230616667951e-27
5.738606350694341388e-29
1.554305969007177223e-28
5.515617214392244628e-29
3.091135619992676440e-28
5.915528886107129561e-29
1.685894689806564161e-28
8.238567336711708190e-29
7.310482191035918986e-28
9.679644198451493683e-29
1.870317214148705929e-28
6.592683393381181110e-29
2.998985082725488441e-28
5.976034053039971783e-29
1.608838625158377902e-28
6.445145461317073951e-29
2.015506613987956366e-27
7.232541551282956867e-29
1.610461126198239972e-28
7.683172893941332348e-29
3.673668370597880886e-28
7.515684998273953357e-29
3.285465035787123665e-28
1.556984556395358801e-28
9.007568173408242529e-28
1.624955733209584286e-28
5.183120702806050518e-28
2.779604453115122649e-28
4.084541331182962913e-28
2.291733951668561535e-26
1.227689881358598474e-20
7.750070597821573252e-15
1.964099750049418244e-10
2.407632072660121064e-06
4.452434083723874961e-03
4.601872036614665262e+00
5.686953179786760515e+00
5.227941957239478370e+02
3.686579081102231612e+03
2.672634520087507099e+03
4.262336824568789780e+03
4.681951518575199771e+03
3.649267940357344287e+03
1.452764004256576300e+03
4.255286062663781621e+00
3.029168050885815283e-06
2.087552136939148913e-08
1.263437044495863494e-11
