2.065498686017916771e+06
1.208942556203107702e-11
2.034586003449541418e-08
2.987252149592091414e-06
4.483164563526269575e+00
1.463859802403420417e+03
3.774503236104611460e+03
4.680215837549179923e+03
4.416212900034690392e+03
2.821740422043395029e+03
3.801890643448073206e+03
5.562459842056630350e+02
6.476949882555656401e+00
5.208377513165958206e+00
4.998944385720219610e-03
2.677955235347083138e-06
2.126262645717593453e-10
8.157033608656739563e-15
1.270146616385682247e-20
2.331301273090622072e-26
4.297885077825019626e-28
2.955676694141842531e-28
5.551475917159315835e-28
1.612627750241333769e-28
9.077582289949756000e-28
1.626906983617872755e-28
3.391534487713177060e-28
7.771920236425797993e-29
3.673742784850316690e-28
7.712948030341296727e-29
1.649942023223312359e-28
7.711560089028024406e-29
2.033726215290563036e-27
6.303868455351244649e-29
1.656353451447606219e-28
6.574072510616921672e-29
3.056750677025524632e-28
6.903138991035446999e-29
1.797489044270462487e-28
8.662889322728612185e-29
7.329589531809225337e-28
8.143889124557613089e-29
1.727303103870691021e-28
5.994296494992918692e-29
3.063038118361749962e-28
5.454122895428641863e-29
1.595797780592271120e-28
6.122496499073271088e-29
1.541794029574792347e-27
5.654633381961723074e-29
1.636503195175967479e-28
5.623258425957757268e-29
3.070249015785900413e-28
6.373293016882815614e-29
1.840776021632262705e-28
9.450425730765156757e-29
7.021190183634021090e-28
8.705916002959051185e-29
1.881121670319853107e-28
6.440592594340835423e-29
3.037162043406653766e-28
5.467927587479455452e-29
1.531975433043048232e-28
5.845283790085213149e-29
6.002854385904962105e-27
5.624216680041269152e-29
1.552106774823282129e-28
5.608748765675623729e-29
3.037082113737574481e-28
6.275285111277816569e-29
1.792019295404972462e-28
8.526121751325261139e-29
7.021190183634021090e-28
9.301827032606709232e-29
1.918968087018654977e-28
6.175341846410569921e-29
3.070132528451544377e-28
5.559817288513051208e-29
1.581500050672820098e-28
5.994516389165255503e-29
1.541794029574792347e-27
5.817215464475558502e-29
1.573092425517362783e-28
5.561176364272665151e-29
3.062486861734060229e-28
5.994415236488138972e-29
1.724668423170087736e-28
8.350299760687744292e-29
7.329589531809225337e-28
9.954684477412870625e-29
1.890261351232746980e-28
6.655118374714298872e-29
3.056894654064376300e-28
6.105785066938917776e-29
1.623674489997707553e-28
6.457305113177454030e-29
2.033726215290563036e-27
7.364417156978629985e-29
1.622468918632399256e-28
7.805965043825854052e-29
3.674734729054362729e-28
7.627542948910498071e-29
3.354783430266955435e-28
1.568745871615710352e-28
9.077582289949756000e-28
1.620702893795757477e-28
5.537249744227702608e-28
2.892097123755604839e-28
4.298010923823436976e-28
2.330402868756886566e-26
1.270149255666189522e-20
8.157033633483328210e-15
2.126262645717593453e-10
2.677955235347377482e-06
4.998944385720230886e-03
5.208377513165959094e+00
6.476949882555656401e+00
5.562459842056630350e+02
3.801890643448073206e+03
2.821740422043395483e+03
4.416212900034690392e+03
4.680215837549179923e+03
3.774503236104611460e+03
1.463859802403420417e+03
4.483164563526268687e+00
2.987252149591398965e-06
2.034586003448389983e-08
1.208942556310509996e-11
