2.057455511662054341e+06
1.141977859834928761e-11
1.987968588147400058e-08
2.943974308212697676e-06
4.741639493045497034e+00
1.465950686837050171e+03
3.873194424274677203e+03
4.636700424746842145e+03
4.519882254173826368e+03
2.881582012572850545e+03
3.902313442232402394e+03
5.886288419337404321e+02
7.145678159175449906e+00
5.697887203865024119e+00
5.412613829333462294e-03
2.866964080769035581e-06
2.205593312410538920e-10
8.219072377453634330e-15
1.258670507794555094e-20
2.258380332553799494e-26
4.482289158731851345e-28
2.964059099706914720e-28
5.846150255888691015e-28
1.632117811044942621e-28
9.429138826294062962e-28
1.630709688394667057e-28
3.351979728668917819e-28
7.860685069022736457e-29
3.648650766007220378e-28
7.779235198879370999e-29
1.684473165246945913e-28
7.844449573621678915e-29
2.015152598392485045e-27
6.410071627107843728e-29
1.681204390898174238e-28
6.639177930988688639e-29
3.040190586461056274e-28
6.965791107974485860e-29
1.820695542674145835e-28
8.913706684610583969e-29
7.454592601672710285e-28
8.197113280381429745e-29
1.704972360417484925e-28
6.043452481896855367e-29
3.094197638321880939e-28
5.523890494017475786e-29
1.595823474586819237e-28
6.216635846953409470e-29
1.536246571484440850e-27
5.719556642131822535e-29
1.639681779033506937e-28
5.697547679146213899e-29
3.079393566653289220e-28
6.434288145092144459e-29
1.877154539878175795e-28
9.768731432269560342e-29
7.105338938407425982e-28
9.017599538180965230e-29
1.903226255227114411e-28
6.508626841166320113e-29
3.063368492775598942e-28
5.512156599666888501e-29
1.531953927686632985e-28
5.831612603536874705e-29
5.883029665700983824e-27
5.630755416990934308e-29
1.552347665397301330e-28
5.632866447005188132e-29
3.063343819335984634e-28
6.409114209036409425e-29
1.823740282825242619e-28
8.620227431725848233e-29
7.105338938407425982e-28
9.639119999296295931e-29
1.958455701257972065e-28
6.276657563798134888e-29
3.079951342631153834e-28
5.693783450132461880e-29
1.584082792404416360e-28
6.006620761807597109e-29
1.536246571484440850e-27
5.873712173776405765e-29
1.572912481729348946e-28
5.596839962463421048e-29
3.093751457664003838e-28
6.044655666371805914e-29
1.712519784806165219e-28
8.552841894059327127e-29
7.454592601672710285e-28
1.022863280687131999e-28
1.925544162745130599e-28
6.729813748100829500e-29
3.040191385385583297e-28
6.134597349243091006e-29
1.638153773330120387e-28
6.606004485204638369e-29
2.015152598392485045e-27
7.458276122020926607e-29
1.656752572468645079e-28
7.899122082739586531e-29
3.649603609601285570e-28
7.746740235122042282e-29
3.321725530542840184e-28
1.572862079587927947e-28
9.429138826294062962e-28
1.636796780970323194e-28
5.857167092837175943e-28
2.893134574998867078e-28
4.482169118079989344e-28
2.256472696162064215e-26
1.258675796129405918e-20
8.219072405831449158e-15
2.205593312410538920e-10
2.866964080769332889e-06
5.412613829333478774e-03
5.697887203865025896e+00
7.145678159175449906e+00
5.886288419337403184e+02
3.902313442232402394e+03
2.881582012572850545e+03
4.519882254173826368e+03
4.636700424746843055e+03
3.873194424274677203e+03
1.465950686837050171e+03
4.741639493045496145e+00
2.943974308212039108e-06
1.987968588146534165e-08
1.141977859943151127e-11
