2.049531644592397613e+06
1.109917208305153237e-11
1.958663695106787813e-08
2.906983136179123853e-06
4.953853210536427909e+00
1.443303137098725529e+03
3.910487274471201090e+03
4.518901417728676279e+03
4.516787123673623682e+03
2.821354584762273589e+03
3.960499728139135641e+03
6.124689074183364710e+02
7.722667122593911415e+00
6.117673727587331634e+00
5.755595791922316420e-03
3.014174598301578299e-06
2.244900365320912830e-10
8.131332225654965897e-15
1.227171736877141551e-20
2.133892903889208010e-26
4.600897423544109737e-28
2.921789843936496363e-28
6.158209009286747503e-28
1.647101169055442701e-28
9.579664393226537433e-28
1.652243926904751999e-28
3.309663201455748327e-28
7.906477761680084819e-29
3.616288205757021528e-28
7.689787261924353561e-29
1.682012206941837074e-28
8.288725467963978010e-29
1.994260631058339002e-27
6.516165121311933883e-29
1.697045812760711460e-28
6.814900466652212234e-29
3.055667672509202399e-28
7.020771408363700511e-29
1.844807798827887280e-28
9.118154307623710258e-29
7.449010019736813232e-28
8.490441528225938311e-29
1.728186028582079695e-28
6.042645073860396057e-29
3.074788629317347353e-28
5.602968247302138221e-29
1.606583209291412656e-28
6.162729512234518160e-29
1.547607347529917450e-27
5.767168897382196875e-29
1.643226946301587700e-28
5.713144916319225195e-29
3.089601652853995174e-28
6.471455774439312564e-29
1.872227481644490191e-28
9.912742417139707480e-29
7.097575690297538285e-28
8.836764782410927581e-29
1.939100649217050362e-28
6.532205226005122295e-29
3.072037887039630917e-28
5.478056474466496950e-29
1.525888432996539064e-28
5.807019187363402529e-29
5.718166918665445769e-27
5.617839436102189009e-29
1.547606400829474839e-28
5.574280280666667742e-29
3.071967187128689202e-28
6.423027681958507971e-29
1.843585891251731240e-28
8.650181557323194366e-29
7.097575690297538285e-28
9.727337309889527788e-29
1.966139446087861665e-28
6.216880234130207001e-29
3.089601082553223304e-28
5.637194815392924117e-29
1.580947112279696021e-28
6.090372340825154452e-29
1.547607347529917450e-27
5.849807815846509122e-29
1.581433540483241872e-28
5.678472399769562003e-29
3.074510746695879245e-28
6.027123734467492868e-29
1.718098714540297267e-28
8.905204379728464241e-29
7.449010019736813232e-28
1.037112851980258024e-28
1.954582933196785681e-28
6.783780935687804088e-29
3.056175022981115575e-28
6.265131032423692889e-29
1.658298670136241263e-28
6.649915415935923828e-29
1.994260631058339002e-27
7.887619888596570806e-29
1.650622155043000132e-28
7.845598795862755129e-29
3.617466672566120428e-28
7.904206098873186199e-29
3.276105812886559238e-28
1.603257450525548554e-28
9.579664393226537433e-28
1.653470801376667751e-28
6.154986055939457757e-28
2.850229885437619001e-28
4.600978766433501591e-28
2.130584003578991738e-26
1.227179790175417953e-20
8.131332255171283717e-15
2.244900365320912830e-10
3.014174598301992922e-06
5.755595791922321625e-03
6.117673727587331634e+00
7.722667122593911415e+00
6.124689074183364710e+02
3.960499728139135641e+03
2.821354584762273134e+03
4.516787123673623682e+03
4.518901417728676279e+03
3.910487274471201090e+03
1.443303137098725529e+03
4.953853210536427909e+00
2.906983136178525000e-06
1.958663695105990742e-08
1.109917208412282658e-11
