2.200303872012904845e+06
2.972106278706332959e-11
5.089137900418838662e-08
5.500100541271259999e-06
4.672785089883631393e+00
1.080782203268382773e+03
4.082869699903490982e+03
4.656448896804714423e+03
4.458837030432893698e+03
1.937140796477444383e+03
2.761244793594220027e+03
4.626500361294218919e+02
3.510318106208622613e+00
3.283156964230895536e+00
3.817468919452809972e-03
2.992346831745765787e-06
3.705273653900336595e-10
2.105512144183699375e-14
4.611615279229153135e-20
1.318313227508565778e-25
6.610887068355675597e-28
2.524241078135902446e-28
6.708040005771533534e-28
2.019956737804312821e-28
1.027393251473749311e-27
2.243993790218161075e-28
3.016054686833956157e-28
9.227891911045664332e-29
3.536880555098900930e-28
7.441830769718034082e-29
1.703284005316951745e-28
9.285963186929767011e-29
2.018286634846540271e-27
6.350443123321663447e-29
1.685554746592272178e-28
6.541776137908509643e-29
3.031405012523585821e-28
6.700098531991482273e-29
1.806925952786468103e-28
8.775465090659288387e-29
7.547991948134360313e-28
8.026079471871147850e-29
1.668074787891846345e-28
5.721330548380916469e-29
3.111325809272196435e-28
5.322521555816767729e-29
1.599310926326684387e-28
5.835668418125807568e-29
1.533113384436013974e-27
5.583936355322873106e-29
1.610113906191501130e-28
5.344461496049350765e-29
3.064184468204503845e-28
6.048748720799199634e-29
1.825928105237293887e-28
9.192467739263011236e-29
7.130809152370840323e-28
8.428880538000176425e-29
1.897953809874895544e-28
6.042420150928947089e-29
3.010952460066571402e-28
5.166888472209628508e-29
1.530242767618466100e-28
5.542407819135386372e-29
5.882032812127385720e-27
5.343288831930265719e-29
1.546911814863677131e-28
5.288747584106648522e-29
3.010895920711076094e-28
5.945368175704525848e-29
1.801349805587049025e-28
8.174188194599597415e-29
7.130809152370840323e-28
9.230843179977407766e-29
1.876948745552547502e-28
5.712256786261546450e-29
3.064063446688925620e-28
5.321176554935781415e-29
1.555407074957294439e-28
5.860447009915774259e-29
1.533113384436013974e-27
5.562574564453055512e-29
1.572062490010979644e-28
5.427126386189113488e-29
3.111103639735265156e-28
5.671717131262571661e-29
1.663052603632723045e-28
8.445896817875927094e-29
7.547991948134360313e-28
1.007479111344853355e-28
1.902161841838266803e-28
6.634785525409740582e-29
3.031436016627107687e-28
5.974404507535146257e-29
1.637991928832883236e-28
6.508999335779922637e-29
2.018286634846540271e-27
8.993845407539974194e-29
1.675861393720092230e-28
7.504928359551117962e-29
3.536718834031624773e-28
9.104918931235942832e-29
2.981234493148938224e-28
2.141214302282450666e-28
1.027393251473749311e-27
1.994226114834120194e-28
6.707891689702507377e-28
2.462806184822811231e-28
6.612449882599513349e-28
1.318657131274818771e-25
4.611607691130788081e-20
2.105512148955507947e-14
3.705273653900336595e-10
2.992346831745574358e-06
3.817468919452822549e-03
3.283156964230895536e+00
3.510318106208622613e+00
4.626500361294218919e+02
2.761244793594220482e+03
1.937140796477444383e+03
4.458837030432893698e+03
4.656448896804715332e+03
4.082869699903490982e+03
1.080782203268382773e+03
4.672785089883631393e+00
5.500100541271505639e-06
5.089137900420663091e-08
2.972106278825137421e-11
