2.026622104252118850e+06
1.023689432188437705e-11
1.747831830494701648e-08
2.651243255091445271e-06
5.084994426918083121e+00
1.261445048391827868e+03
3.634418427893611806e+03
3.861473147911697652e+03
4.391715544956351550e+03
2.497958217743458590e+03
3.865611084486406526e+03
5.142648092690357089e+02
8.143939256379178815e+00
6.513336929146229082e+00
5.988320860062478802e-03
3.018337936217517576e-06
2.089969950640919759e-10
7.089039663266674366e-15
1.033840602783796696e-20
1.673127238818336315e-26
4.488128144568215220e-28
2.758703574922267853e-28
6.348360114509923796e-28
1.635738127070356633e-28
9.356973545421483063e-28
1.467695218638877699e-28
3.253979744061176598e-28
7.826765737659428908e-29
3.559699537850353993e-28
7.329599310609392488e-29
1.681490708826492423e-28
7.789892278827361224e-29
2.036681066153366930e-27
6.291300754859778934e-29
1.675616257996444296e-28
6.487972981421876537e-29
3.033260529854129396e-28
6.773184918518941967e-29
1.836500993236799193e-28
8.419678899491779375e-29
7.669834791427864830e-28
8.261220361921209298e-29
1.717738146154235226e-28
5.833946957427492901e-29
3.085075014107948188e-28
5.401902312113679064e-29
1.592931878442651873e-28
5.945831848270355904e-29
1.541719290974631585e-27
5.514343312333978573e-29
1.620521765377324574e-28
5.522939919673914310e-29
3.046325691978120555e-28
6.177997287057306778e-29
1.864164640540969249e-28
9.192749144953768758e-29
7.198443986741450551e-28
8.385494735670208766e-29
1.892622206966452416e-28
6.176368247151109218e-29
3.027789127082631897e-28
5.276544732190108953e-29
1.540984848846854789e-28
5.539723143582747450e-29
5.858045003148851715e-27
5.399261764604142031e-29
1.556842066449185416e-28
5.336339891751740401e-29
3.028043993464051048e-28
6.077669989723082780e-29
1.806917510934885610e-28
8.159769609953369479e-29
7.198443986741450551e-28
9.097740122148009377e-29
1.951343018042991598e-28
6.009472881254932476e-29
3.045753594856991140e-28
5.470527180243122147e-29
1.564974250660920826e-28
5.764376015913863530e-29
1.541719290974631585e-27
5.665724805737061644e-29
1.568968769019265168e-28
5.479730432182436177e-29
3.085312085198887263e-28
5.799475995476368243e-29
1.703994172840881102e-28
8.646671740140129683e-29
7.669834791427864830e-28
9.416746381161536217e-29
1.916501893379136655e-28
6.587905814243043383e-29
3.033778439219461322e-28
6.035382242120383313e-29
1.646367443051090921e-28
6.356482572648304075e-29
2.036681066153366930e-27
7.535977668947597150e-29
1.644209012318986438e-28
7.308596628871655722e-29
3.560614978604421490e-28
7.736734071394579586e-29
3.206646982448342707e-28
1.418028456829519679e-28
9.356973545421483063e-28
1.637668469012723940e-28
6.372830738000198756e-28
2.697218393904584421e-28
4.489053928624168665e-28
1.671411616373122632e-26
1.033853171442593364e-20
7.089039688936324974e-15
2.089969950640919759e-10
3.018337936217586609e-06
5.988320860062490945e-03
6.513336929146230858e+00
8.143939256379178815e+00
5.142648092690357089e+02
3.865611084486406526e+03
2.497958217743459045e+03
4.391715544956351550e+03
3.861473147911696742e+03
3.634418427893611806e+03
1.261445048391827868e+03
5.084994426918083121e+00
2.651243255090916722e-06
1.747831830491693688e-08
1.023689432259738251e-11
