2.012250265151504660e+06
9.787464480508835611e-12
1.534140425205373281e-08
2.337492530387852437e-06
4.952947622710318853e+00
1.164438190702486963e+03
3.593817903685092460e+03
3.425724515132295892e+03
4.240583216260079098e+03
2.489578528107864258e+03
3.756620405962991754e+03
4.179100966056392394e+02
7.755931111361681118e+00
6.676768379159541134e+00
6.386100510642950256e-03
3.170183884483615297e-06
2.131488684964493513e-10
7.165892032091122546e-15
1.043963071473844346e-20
1.616438119101896988e-26
4.621504355478521478e-28
2.946026892124782617e-28
6.486084874508116573e-28
1.713886043145272764e-28
9.706221425641201315e-28
1.525958214145509258e-28
3.272774841619381832e-28
8.261774161267162936e-29
3.631112765636474474e-28
7.050664851321445248e-29
1.699295596857927224e-28
7.824076136985830026e-29
2.000893363737894929e-27
6.263631485699295607e-29
1.685942166607813375e-28
6.346671190428458273e-29
2.990430844142604252e-28
6.620780664634397370e-29
1.806899531364892970e-28
8.260284269947268199e-29
7.594033964050112450e-28
8.032408575764976467e-29
1.727209607495902506e-28
5.610491123033969323e-29
3.091839890711309862e-28
5.352471355709971860e-29
1.599921977837601289e-28
5.761872063277891560e-29
1.532758775123237239e-27
5.401211228648189514e-29
1.612779211119340777e-28
5.389619022399042139e-29
3.077371181229557208e-28
5.945601209582114271e-29
1.855707881130923339e-28
9.116104597370397207e-29
7.077346544948134255e-28
8.019446388944193844e-29
1.887541349853923248e-28
5.987705707976627221e-29
3.031145258653926269e-28
5.187928769219918152e-29
1.508828491889805443e-28
5.444437014622007105e-29
5.814192573716849248e-27
5.263430920607750076e-29
1.530542561802543433e-28
5.271539567200616608e-29
3.031173838366651384e-28
5.905509371191947604e-29
1.806867234856504880e-28
7.780187800888268205e-29
7.077346544948134255e-28
8.932729670050615450e-29
1.918841965184322270e-28
5.872684730971387541e-29
3.077919374017085469e-28
5.327875702877890030e-29
1.559543470713463740e-28
5.627921909581171225e-29
1.532758775123237239e-27
5.530624951443709931e-29
1.573389355255404510e-28
5.438812148246899826e-29
3.092077730049764322e-28
5.609878893562662257e-29
1.701663875885518190e-28
8.401897966400341610e-29
7.594033964050112450e-28
9.183978252267962333e-29
1.896670540390235426e-28
6.423227384050640006e-29
2.990653716478478368e-28
5.953502237699167264e-29
1.647770980858875135e-28
6.405696161292418681e-29
2.000893363737894929e-27
7.589225276159001718e-29
1.665664571125433242e-28
7.033770351629961872e-29
3.632017107846683163e-28
8.157360347981786793e-29
3.238366732183412020e-28
1.477752309437057065e-28
9.706221425641201315e-28
1.725274108353274125e-28
6.443890103900652746e-28
2.897281124005016112e-28
4.621807702673119519e-28
1.617004941018561588e-26
1.043976072911566845e-20
7.165892057695196724e-15
2.131488684964493513e-10
3.170183884483366693e-06
6.386100510642949389e-03
6.676768379159541134e+00
7.755931111361681118e+00
4.179100966056392394e+02
3.756620405962993118e+03
2.489578528107865168e+03
4.240583216260079098e+03
3.425724515132295892e+03
3.593817903685092460e+03
1.164438190702487191e+03
4.952947622710317965e+00
2.337492530387290854e-06
1.534140425200728165e-08
9.787464480831015997e-12
