2.008951543131622486e+06
9.636718788276468811e-12
1.485318722180936711e-08
2.280302141415433280e-06
4.945241171206623321e+00
1.150918370284299726e+03
3.605636315896106225e+03
3.365693108768626644e+03
4.199683930679424520e+03
2.530867949367132496e+03
3.763171062568878369e+03
4.121464592455869820e+02
7.749131339867777690e+00
6.752999943998292842e+00
6.515604802630700979e-03
3.228074076817313991e-06
2.160729511035518852e-10
7.263194315875662827e-15
1.056198539222633963e-20
1.622575621766122751e-26
4.700513644937764052e-28
3.042460118698433472e-28
6.566240816200480256e-28
1.718108804713522951e-28
9.761312516484658401e-28
1.569422987208197591e-28
3.243353638146930121e-28
8.402441012546171658e-29
3.619371793866918006e-28
7.094092270017228842e-29
1.677573047885143408e-28
7.805149764550060033e-29
2.029404547209272275e-27
6.287983063040584707e-29
1.677697806928978110e-28
6.360756361294420924e-29
3.003294292876737641e-28
6.596880164181837657e-29
1.802018197155948575e-28
8.381203277620117203e-29
7.715476966252251665e-28
8.138528699557693065e-29
1.724834932696722733e-28
5.681066693975820724e-29
3.095956205335862786e-28
5.341971171837526480e-29
1.588966008369793171e-28
5.751501684697410851e-29
1.551240393789683797e-27
5.481972081385335631e-29
1.621778300296822077e-28
5.356938331683067982e-29
3.069603984050592402e-28
6.055027706319970536e-29
1.837167481530373316e-28
9.246354952474579414e-29
7.184585306939552109e-28
7.938348692234140044e-29
1.885292756802329886e-28
6.027887413830868902e-29
3.027786762064900854e-28
5.216008375577729887e-29
1.517426845074876327e-28
5.490223790802718682e-29
5.833679810276352654e-27
5.349736172930120449e-29
1.534970007917072180e-28
5.297706635492137166e-29
3.027922233590539784e-28
5.936466256177627918e-29
1.802173114730505125e-28
7.775212652844461563e-29
7.184585306939552109e-28
9.105340202446104859e-29
1.919215861599250341e-28
5.941191989002756510e-29
3.069827123332107886e-28
5.320866605810374815e-29
1.562147435741906656e-28
5.748550090536685809e-29
1.551240393789683797e-27
5.515188276597407831e-29
1.562987343382680882e-28
5.437493996954857493e-29
3.096077289945036649e-28
5.663447275157461481e-29
1.703713524377141318e-28
8.430189798834384952e-29
7.715476966252251665e-28
9.239431694737297708e-29
1.888819503175429432e-28
6.416165703554329673e-29
3.003492066688228505e-28
5.971758997016287576e-29
1.643282191240005775e-28
6.412546638312151454e-29
2.029404547209272275e-27
7.513463594098559968e-29
1.643030597330800459e-28
7.097305777711631891e-29
3.620203994151045857e-28
8.323647158588544589e-29
3.213407959482443542e-28
1.518994643946467564e-28
9.761312516484658401e-28
1.720424758969193430e-28
6.539181554051475466e-28
2.985087295824047539e-28
4.701214462921931225e-28
1.623946747066441070e-26
1.056210985396657879e-20
7.263194338626717412e-15
2.160729511035518852e-10
3.228074076816970519e-06
6.515604802630708785e-03
6.752999943998293730e+00
7.749131339867777690e+00
4.121464592455870388e+02
3.763171062568878824e+03
2.530867949367132951e+03
4.199683930679424520e+03
3.365693108768626644e+03
3.605636315896106225e+03
1.150918370284299499e+03
4.945241171206623321e+00
2.280302141414896261e-06
1.485318722176447436e-08
9.636718788563103049e-12
