1.996413399682965130e+06
8.922452958375454824e-12
1.313876118851184371e-08
2.038000477925071093e-06
4.972716036489618574e+00
1.118495036004060921e+03
3.596510157933552819e+03
3.224620578885359919e+03
4.020004467680037124e+03
2.622957156322179799e+03
3.683222442363484788e+03
3.980511272227125801e+02
7.429374058602594033e+00
6.602821816750049422e+00
6.408142198828702986e-03
3.160567707681995914e-06
2.127124380797037440e-10
7.204998560711040953e-15
1.044189105796321267e-20
1.569493470070813803e-26
4.773523554253795297e-28
3.159639216178686744e-28
6.344171190490980469e-28
1.669707328278600722e-28
9.540466302774518064e-28
1.497781021421391998e-28
3.254202606531303268e-28
8.571660644859263483e-29
3.607635469268807038e-28
7.103993664862597008e-29
1.660889917662679865e-28
7.791778552146521278e-29
2.000487120490259378e-27
6.260727659690935724e-29
1.679940491401588934e-28
6.363283978273207535e-29
3.028460812424687505e-28
6.596288525866928595e-29
1.789848585057321631e-28
8.333414627318927065e-29
7.715475796354338042e-28
7.978049335346317758e-29
1.707052700983148255e-28
5.537151251496520032e-29
3.109746862750142990e-28
5.277026459589261419e-29
1.588945370770689517e-28
5.681352723372445788e-29
1.545716663084918090e-27
5.333298163536443163e-29
1.627102573718461295e-28
5.373290411548282637e-29
3.075458206620727056e-28
5.872854321887499582e-29
1.853900937076598415e-28
9.145595346971381753e-29
7.205955122166866590e-28
7.986038111684073884e-29
1.880183339547014460e-28
5.963582469731379204e-29
3.011262632791749920e-28
5.137372280820653291e-29
1.518586838110626741e-28
5.398216748480172527e-29
5.885192865235254210e-27
5.252073204482963862e-29
1.538850223816591156e-28
5.199032172034676561e-29
3.011620079930654284e-28
5.898370683640070888e-29
1.792904334407759932e-28
7.880104789482369792e-29
7.205955122166866590e-28
8.900797081902653202e-29
1.928762818525160740e-28
5.811518322458644141e-29
3.075148224261640442e-28
5.306141699167145850e-29
1.567683773004275582e-28
5.548686353378319453e-29
1.545716663084918090e-27
5.455678891921987132e-29
1.566512226278844117e-28
5.379595240098239083e-29
3.110646289989946241e-28
5.526412800632000095e-29
1.701008769333581190e-28
8.379271426050851544e-29
7.715475796354338042e-28
9.298098543271497305e-29
1.867635867031847704e-28
6.380045714154324158e-29
3.028558152938531994e-28
5.954751208583114910e-29
1.645829351144627605e-28
6.348252471058795617e-29
2.000487120490259378e-27
7.499046492412839880e-29
1.629222955818499173e-28
7.101882752506487638e-29
3.608143949279952009e-28
8.527642057442429991e-29
3.217531267715706917e-28
1.440488333346688801e-28
9.540466302774518064e-28
1.673098923612597387e-28
6.319747134693474288e-28
3.091318366339567956e-28
4.773574897599409390e-28
1.571516893486415340e-26
1.044199474227445577e-20
7.204998597509015088e-15
2.127124380797037440e-10
3.160567707681528352e-06
6.408142198828709057e-03
6.602821816750051198e+00
7.429374058602595809e+00
3.980511272227126369e+02
3.683222442363484788e+03
2.622957156322179799e+03
4.020004467680037124e+03
3.224620578885359919e+03
3.596510157933552819e+03
1.118495036004060921e+03
4.972716036489618574e+00
2.038000477924625131e-06
1.313876118847257083e-08
8.922452958458035561e-12
