1.978989409332710784e+06
7.609590776645608513e-12
1.045785655812966160e-08
1.674546125590691709e-06
4.794608445545438080e+00
1.130694496468186344e+03
3.511414134672062119e+03
3.021954238561015700e+03
3.878551253204305340e+03
2.569418426403878129e+03
3.293897179329031133e+03
3.893118539853149969e+02
6.895923841433109658e+00
5.993130648040101427e+00
5.555389616218244821e-03
2.715739476416200381e-06
1.869958316608662870e-10
6.270042867206585844e-15
8.928925409316339834e-21
1.294032180396512747e-26
4.339745856739536315e-28
2.799429266799406622e-28
4.790962511739858336e-28
1.517031956199404343e-28
9.391708018754044077e-28
1.341956686488295023e-28
3.075389993405026075e-28
7.984273810847929968e-29
3.595967221169840146e-28
6.854290301135555127e-29
1.636954293423080443e-28
7.301059676803381357e-29
1.995518558727887927e-27
6.014909505574979343e-29
1.664097733534015343e-28
6.107422664249391564e-29
3.012782781370171581e-28
6.420850128462127516e-29
1.763098833747204180e-28
7.556660569593829410e-29
7.531349976961290575e-28
7.538166313562243971e-29
1.658568997370767812e-28
5.495436078017581969e-29
3.076681841952595607e-28
5.183710342910619373e-29
1.561054447737501941e-28
5.630744972853344890e-29
1.533357921068761803e-27
5.224613998253777049e-29
1.583755214539293434e-28
5.193499999052899753e-29
3.015864447517341323e-28
5.841688114175462232e-29
1.771233777270660665e-28
8.514241667014951575e-29
7.075751293666421748e-28
7.414819159011181325e-29
1.869245606145217570e-28
5.883385859427878492e-29
2.992047386814243552e-28
5.014661580805162519e-29
1.521388370423542522e-28
5.348248560561313335e-29
5.801441569919485201e-27
5.214709837077034043e-29
1.545046916073131546e-28
5.066009030575964853e-29
2.991959933818125355e-28
5.815494735349756536e-29
1.786639238458394267e-28
7.408436155077872001e-29
7.075751293666421748e-28
8.211983722888285986e-29
1.837975871883754325e-28
5.777826727191405913e-29
3.015567158110930508e-28
5.145905269177572107e-29
1.541214489768273076e-28
5.436379520460175710e-29
1.533357921068761803e-27
5.426615241902696277e-29
1.537250474933606043e-28
5.252752057834075084e-29
3.076990527094477483e-28
5.497431890555577676e-29
1.649065872481153869e-28
7.971629552164495740e-29
7.531349976961290575e-28
8.382338996164128853e-29
1.837393716896000130e-28
6.163594581619828258e-29
3.012990148149021406e-28
5.733668907619281951e-29
1.627867772094730549e-28
6.127278873726512591e-29
1.995518558727887927e-27
7.016692665271647103e-29
1.611924351074826385e-28
6.824370600042285683e-29
3.595399948115550304e-28
7.904527131713456340e-29
3.049848853573241011e-28
1.286959607743047917e-28
9.391708018754044077e-28
1.534602230774026063e-28
4.782234864684499657e-28
2.734780366049677702e-28
4.339379759996294841e-28
1.294200912318074468e-26
8.929005256314952985e-21
6.270042920939853503e-15
1.869958316608662870e-10
2.715739476415407982e-06
5.555389616218250892e-03
5.993130648040102315e+00
6.895923841433111434e+00
3.893118539853151105e+02
3.293897179329031133e+03
2.569418426403878129e+03
3.878551253204305340e+03
3.021954238561015700e+03
3.511414134672062119e+03
1.130694496468186344e+03
4.794608445545438080e+00
1.674546125590278780e-06
1.045785655810522834e-08
7.609590776457348991e-12
