1.976928571869625710e+06
7.485349087938722870e-12
1.020009658272169887e-08
1.652203207484913152e-06
4.779232978169574153e+00
1.142858333115937967e+03
3.493764134599835870e+03
3.000579219940463190e+03
3.878912784156263569e+03
2.573829109851807516e+03
3.274736251055138837e+03
3.946241830477611643e+02
6.985729855433687518e+00
6.017236462327842261e+00
5.533328195840128520e-03
2.687583703727585812e-06
1.837267439433267311e-10
6.099985924787520207e-15
8.601820169203955724e-21
1.234324926054796146e-26
4.283535318063708816e-28
2.713079678878611935e-28
4.616831271514718935e-28
1.492687074584617013e-28
9.324149034993184390e-28
1.321604209886790673e-28
3.048266892667048311e-28
7.865934326474953262e-29
3.560334739027796411e-28
6.665265283143420990e-29
1.629594370415124435e-28
7.084842320336146361e-29
2.007469167076922288e-27
5.939027838090822860e-29
1.665152061952772587e-28
6.008659073885145757e-29
3.006565881849130240e-28
6.453662951065940747e-29
1.729791084710880423e-28
7.665378352496360954e-29
7.475993249680161875e-28
7.575611960199938920e-29
1.683428070937227705e-28
5.519795188225212730e-29
3.053325616461731333e-28
5.209829283916372337e-29
1.568319688817821552e-28
5.595291410953048184e-29
1.543426078286112276e-27
5.266242303577726164e-29
1.568868660598672250e-28
5.212954738849046177e-29
3.044698917638987245e-28
5.675905964533177119e-29
1.770019806063179052e-28
8.491911421100908687e-29
7.049229184843157359e-28
7.678271707149086648e-29
1.846525207018893988e-28
5.833343499003534642e-29
3.007919793696601571e-28
4.959745127331744825e-29
1.503818568130961435e-28
5.249326241471832677e-29
5.801441077390577211e-27
5.101135540897234928e-29
1.517362844623316796e-28
5.027453321139522888e-29
3.007516579125749361e-28
5.813006270446435435e-29
1.763613703905340265e-28
7.539393789057165039e-29
7.049229184843157359e-28
8.232310309807012246e-29
1.836157762077377474e-28
5.657002861012522088e-29
3.043765764520374816e-28
5.151975740141897542e-29
1.528560008069085768e-28
5.525588744198442626e-29
1.543426078286112276e-27
5.365342754221231606e-29
1.546336468068112406e-28
5.295420490372938000e-29
3.053488037185016340e-28
5.514531587252931803e-29
1.659708635666787828e-28
7.969154270299751726e-29
7.475993249680161875e-28
8.450784188308817668e-29
1.815645463333932555e-28
6.155995502334431063e-29
3.006946575748991460e-28
5.644741511434411732e-29
1.621657153074568131e-28
6.089318201150085480e-29
2.007469167076922288e-27
6.775650663533301313e-29
1.606139917441428362e-28
6.688485235589329339e-29
3.559778448510428973e-28
7.790981362700159352e-29
3.015529803305600734e-28
1.262449676625496548e-28
9.324149034993184390e-28
1.515730663724705243e-28
4.609892088116474635e-28
2.652217992758497494e-28
4.283837472501557107e-28
1.233863098265977385e-26
8.601898337286755278e-21
6.099985979503644656e-15
1.837267439433267311e-10
2.687583703726805271e-06
5.533328195840139796e-03
6.017236462327844926e+00
6.985729855433687518e+00
3.946241830477611643e+02
3.274736251055139292e+03
2.573829109851807516e+03
3.878912784156263569e+03
3.000579219940463645e+03
3.493764134599835870e+03
1.142858333115937967e+03
4.779232978169574153e+00
1.652203207484530928e-06
1.020009658270133037e-08
7.485349087746012406e-12
