1.971369676892319694e+06
7.089049074653755687e-12
9.465800558702855212e-09
1.605575371280082718e-06
4.657097235408862446e+00
1.175527735895532260e+03
3.370095780700314663e+03
2.967300481228145600e+03
3.919630332478170658e+03
2.634210945395192539e+03
3.268749968113719206e+03
4.156993074323000315e+02
7.221834181711849432e+00
6.103935534303544408e+00
5.512675320477000707e-03
2.603952131180610792e-06
1.729091256966521382e-10
5.567485923002140353e-15
7.567090539349611369e-21
1.051324723031584371e-26
4.159669620415499043e-28
2.529864670140346458e-28
4.262382337701091081e-28
1.432663278310321095e-28
9.091235701604549580e-28
1.265427961451788417e-28
2.973636364446197182e-28
7.426099202458710363e-29
3.469020797289876164e-28
6.659592039871506197e-29
1.628981482403286357e-28
7.042010845750841446e-29
2.073580551125256894e-27
5.934056547685863447e-29
1.627307632847678031e-28
5.984196369200831220e-29
3.004647168321254978e-28
6.423004962781299338e-29
1.715410153026350841e-28
7.615575414044991209e-29
7.459410563769321272e-28
7.427678492302108536e-29
1.651827014480485674e-28
5.464239423947402527e-29
3.048112417596251709e-28
5.130877650193806882e-29
1.556497578022269477e-28
5.583606260496896840e-29
1.533276204484126771e-27
5.243978506250163589e-29
1.594927227014627931e-28
5.207764687132875224e-29
3.001043516988058941e-28
5.724435664082409376e-29
1.748074645764646037e-28
8.433436232985705161e-29
7.116639069619781350e-28
7.388518630826567325e-29
1.834124878801047449e-28
5.757073374870545151e-29
2.984332522236769879e-28
5.020143374031155470e-29
1.500229492171598485e-28
5.257471571909113022e-29
5.961430289873534258e-27
5.113568112627584241e-29
1.521220079329117916e-28
5.066219066969523738e-29
2.984427694167025369e-28
5.701942757587134476e-29
1.742806654031993279e-28
7.447208182751072613e-29
7.116639069619781350e-28
8.195553038247587618e-29
1.831704797793998141e-28
5.634072451837773147e-29
3.000710885826974748e-28
5.179695616734389435e-29
1.551216248100696037e-28
5.487362244347219307e-29
1.533276204484126771e-27
5.328331005176448152e-29
1.532936519429937769e-28
5.218318864492427454e-29
3.048672744500745615e-28
5.468352176688784828e-29
1.642628517573965660e-28
7.740162251483084534e-29
7.459410563769321272e-28
8.348539564143153648e-29
1.788652990946440674e-28
6.093561578591027907e-29
3.005150999555175373e-28
5.630484292719705991e-29
1.591904771472862173e-28
6.006759102385861878e-29
2.073580551125256894e-27
6.772281397200051125e-29
1.601655800733263208e-28
6.676995636068218602e-29
3.468400638447838848e-28
7.373640736553270294e-29
2.939045190175941968e-28
1.214330588272763381e-28
9.091235701604549580e-28
1.460269681527009307e-28
4.262532089074148339e-28
2.482613663946717577e-28
4.159130018653569900e-28
1.049880404493158173e-26
7.567162028031811361e-21
5.567485980452402268e-15
1.729091256966521382e-10
2.603952131179910719e-06
5.512675320477010248e-03
6.103935534303546184e+00
7.221834181711849432e+00
4.156993074323000315e+02
3.268749968113719206e+03
2.634210945395192539e+03
3.919630332478170658e+03
2.967300481228146054e+03
3.370095780700314208e+03
1.175527735895532260e+03
4.657097235408865110e+00
1.605575371279710659e-06
9.465800558685641583e-09
7.089049074484638449e-12
