1.969731458058665041e+06
6.947480099112320754e-12
9.238339949766488312e-09
1.591653668748260442e-06
4.595486927049933001e+00
1.188911285892452725e+03
3.314895286909658353e+03
2.956775129471605396e+03
3.950371716482840384e+03
2.667818036480643059e+03
3.275460926173900134e+03
4.228221362808343997e+02
7.208138077484414374e+00
6.070478170651099070e+00
5.458339673258540484e-03
2.557633161936887253e-06
1.683577784088519031e-10
5.368705057779200876e-15
7.197207218415210864e-21
9.857771339819356937e-27
4.120267045966309908e-28
2.527273536406711075e-28
4.201760824964414647e-28
1.403792960643589654e-28
9.009318153558267802e-28
1.243749966926317889e-28
2.978616282462795451e-28
7.485181851237678730e-29
3.471267010342313557e-28
6.608229726200444631e-29
1.627667525536330149e-28
6.969850281455421351e-29
2.062865542268060481e-27
5.864060606582011885e-29
1.621556789609636140e-28
5.933882699690822884e-29
3.016534494361297217e-28
6.316985885610706313e-29
1.721472252491943475e-28
7.520893382914503534e-29
7.452998264673278415e-28
7.356246719745443695e-29
1.645979259089269530e-28
5.445929827058162534e-29
3.004084942842721816e-28
5.197797877956204975e-29
1.522203776682863764e-28
5.537237971234757856e-29
1.531789213712041678e-27
5.238078160760178805e-29
1.561957818934592808e-28
5.223177885365594945e-29
3.025843921466631753e-28
5.669225955440340147e-29
1.766167376752399757e-28
8.404348881389796820e-29
7.052602676994649092e-28
7.454962278112089683e-29
1.823268271477497003e-28
5.833380288022360975e-29
2.996435625570485114e-28
5.054034832099137962e-29
1.489777566908617685e-28
5.285816316609256455e-29
5.990937967260979315e-27
5.177096943256933470e-29
1.504910550876413571e-28
5.101330984729103478e-29
2.996431853730811095e-28
5.760291819219675202e-29
1.753023492149716017e-28
7.443645453246877166e-29
7.052602676994649092e-28
8.302987977151148895e-29
1.840972106023164724e-28
5.628083154488553824e-29
3.025551790391945996e-28
5.185307633006105600e-29
1.520323131788633800e-28
5.457663160033412872e-29
1.531789213712041678e-27
5.310798748776298282e-29
1.498028374843853793e-28
5.265051308113245003e-29
3.004173751847055918e-28
5.462133323249914640e-29
1.646351947280860662e-28
7.765863045913073544e-29
7.452998264673278415e-28
8.213601630277754178e-29
1.808730879316815713e-28
6.012686069394218125e-29
3.016723679010299349e-28
5.572063217819995125e-29
1.589277391759022134e-28
5.996361217596506121e-29
2.062865542268060481e-27
6.717210696886199298e-29
1.598854085615669211e-28
6.647243882103425465e-29
3.470453183390682101e-28
7.402448843387927997e-29
2.949200994226095982e-28
1.188918483935307880e-28
9.009318153558267802e-28
1.430152703863567675e-28
4.201907048645543243e-28
2.475829746843639420e-28
4.119807419163989627e-28
9.837352130530595972e-27
7.197275770373579896e-21
5.368705119887311727e-15
1.683577784088519031e-10
2.557633161936202427e-06
5.458339673258548290e-03
6.070478170651101735e+00
7.208138077484414374e+00
4.228221362808344566e+02
3.275460926173900134e+03
2.667818036480643059e+03
3.950371716482840384e+03
2.956775129471605396e+03
3.314895286909658353e+03
1.188911285892452725e+03
4.595486927049933001e+00
1.591653668747900241e-06
9.238339949753987958e-09
6.947480098852057745e-12
