1.968168012950415490e+06
6.810718827720913701e-12
9.003815405843243363e-09
1.576963470948445815e-06
4.529235261803680856e+00
1.204652868511277347e+03
3.262991016669113378e+03
2.944020918056364735e+03
3.985085215318475548e+03
2.700750324242092120e+03
3.297621320277595260e+03
4.310016054743915106e+02
7.153843696682248954e+00
6.012947807138119494e+00
5.386516113567127971e-03
2.504051065159092406e-06
1.636061158543550506e-10
5.171519262047280421e-15
6.834767241191919604e-21
9.240391046864483110e-27
4.081648373222255356e-28
2.500733593629543827e-28
4.208552701586775223e-28
1.392599705621447743e-28
9.076847665815441446e-28
1.227243489793411845e-28
2.978342096178441918e-28
7.389021807128889471e-29
3.412412875235389466e-28
6.659790561730856067e-29
1.644464379304078050e-28
6.937344435762312480e-29
2.004851785855161236e-27
5.858350757517481973e-29
1.632416333707873797e-28
6.003791619445823831e-29
2.968957026508874096e-28
6.352150161309735176e-29
1.712358485573994403e-28
7.560673188942394769e-29
7.437952136191759849e-28
7.390738142350532510e-29
1.653728274039463491e-28
5.457278430422984190e-29
3.050218527049512700e-28
5.203367962056652863e-29
1.525547953327035002e-28
5.638838689011893606e-29
1.523225033067181074e-27
5.305958447240433587e-29
1.575746233032703322e-28
5.202976928849494630e-29
3.028642109757113705e-28
5.725090934690989211e-29
1.750832057333279477e-28
8.416369783497854547e-29
7.026287842514153507e-28
7.371199545130733794e-29
1.833497105231940106e-28
5.862196116917635574e-29
3.001530884972155550e-28
5.061211881286992939e-29
1.495525017587755088e-28
5.257937663371449440e-29
5.920233345222315435e-27
5.095429541018866098e-29
1.510185597811913109e-28
5.124746235969107146e-29
3.001746452972757914e-28
5.838108883540690250e-29
1.758430178616362408e-28
7.424232379250935088e-29
7.026287842514153507e-28
8.155374985642435809e-29
1.829304978955220447e-28
5.649913157096720097e-29
3.028137108803665206e-28
5.167116446072630180e-29
1.522152555098111956e-28
5.549518209946605669e-29
1.523225033067181074e-27
5.389658059337216176e-29
1.504678706349749697e-28
5.275454626594860648e-29
3.050291040670990092e-28
5.454624464566096606e-29
1.643319190435380616e-28
7.737296341743536408e-29
7.437952136191759849e-28
8.325979681789805251e-29
1.797408048461725162e-28
6.031273056100512644e-29
2.969423982381316248e-28
5.662789491500408329e-29
1.597087991985814857e-28
5.944358514578937830e-29
2.004851785855161236e-27
6.615240624450322471e-29
1.613271938999104588e-28
6.676642316214399585e-29
3.411913443415559793e-28
7.337349306367466423e-29
2.950259598367025564e-28
1.175708848015886230e-28
9.076847665815441446e-28
1.424112417516931803e-28
4.218258047679269066e-28
2.454791624658318772e-28
4.082069749873319876e-28
9.213989266044298044e-27
6.834831349521998583e-21
5.171519316800600451e-15
1.636061158543550506e-10
2.504051065158518965e-06
5.386516113567136645e-03
6.012947807138121270e+00
7.153843696682248954e+00
4.310016054743915106e+02
3.297621320277595260e+03
2.700750324242092120e+03
3.985085215318475548e+03
2.944020918056364735e+03
3.262991016669113378e+03
1.204652868511277347e+03
4.529235261803680856e+00
1.576963470948124789e-06
9.003815405833401568e-09
6.810718827493220929e-12
