1.962400323417749256e+06
6.389826435374047689e-12
8.081698919619161565e-09
1.491774855939086376e-06
4.179809884804161157e+00
1.255528130034279229e+03
3.124657126172094195e+03
2.902232965302594948e+03
4.030791829689418137e+03
2.825620046397586975e+03
3.549704327659736009e+03
4.780830284707607234e+02
7.090824068789777890e+00
6.004243799516854274e+00
5.317346875220409740e-03
2.381611890680624778e-06
1.520621398850309007e-10
4.658391617545985518e-15
5.750115096700813459e-21
7.334926772389007147e-27
3.936107977451836720e-28
2.546066107585990024e-28
4.006231294466789996e-28
1.346011108734921001e-28
8.965982332405729964e-28
1.280185039416826271e-28
2.878612735998463717e-28
7.518586402559325097e-29
3.407256411324131613e-28
6.576020055100143097e-29
1.591560712758562771e-28
7.015747269103941275e-29
1.986712820754650201e-27
5.956418182801399078e-29
1.607134599882043242e-28
6.055655837543894746e-29
3.005830913832136353e-28
6.480868044284936610e-29
1.708065475364865919e-28
7.569463696409665036e-29
7.391595769095637206e-28
7.208661656098428972e-29
1.645833466959108147e-28
5.448143827303679137e-29
3.057499605514916119e-28
5.209866992796849811e-29
1.531497798491275638e-28
5.544323011990879566e-29
1.535530904995791512e-27
5.318101425268077820e-29
1.578927253829001829e-28
5.300106507945837785e-29
3.047330405994357389e-28
5.698917462821795410e-29
1.757744406469182427e-28
8.533140214373233086e-29
6.997878140155400735e-28
7.411650877146443218e-29
1.770997220676652874e-28
5.904446454069599072e-29
2.994867839238285611e-28
5.067994071327479371e-29
1.499387733754072292e-28
5.276799764507284602e-29
5.905548739918815836e-27
5.131242415679177791e-29
1.518401513864329926e-28
5.116060071139314227e-29
2.995305366453962820e-28
5.853677095487547100e-29
1.707160882153729226e-28
7.366435451410451960e-29
6.997878140155400735e-28
8.335898895576763145e-29
1.829914313863026593e-28
5.658072035320590547e-29
3.047232773876846650e-28
5.256201794682447037e-29
1.526021616738232848e-28
5.540269571395996170e-29
1.535530904995791512e-27
5.347940520431441235e-29
1.514857720655614767e-28
5.287253239041819892e-29
3.058180825318467391e-28
5.450516190796454298e-29
1.650398905153322767e-28
7.611080672475546728e-29
7.391595769095637206e-28
8.396091450139052864e-29
1.790628188853147276e-28
6.153794233664374042e-29
3.006005011982767473e-28
5.719067222638141484e-29
1.579053452807688445e-28
6.071724221391969496e-29
1.986712820754650201e-27
6.720070849066367369e-29
1.561792457544211648e-28
6.603766248885464209e-29
3.407606636215615716e-28
7.440084823635689020e-29
2.845937110891086910e-28
1.220932148630688110e-28
8.965982332405729964e-28
1.360244467995522039e-28
4.021577465690282532e-28
2.508732376289355716e-28
3.935959882235836153e-28
7.288053764287866826e-27
5.750168134664124915e-21
4.658391675989640249e-15
1.520621398850309007e-10
2.381611890680300788e-06
5.317346875220423617e-03
6.004243799516854274e+00
7.090824068789777890e+00
4.780830284707608371e+02
3.549704327659736009e+03
2.825620046397587430e+03
4.030791829689418137e+03
2.902232965302594948e+03
3.124657126172094195e+03
1.255528130034279229e+03
4.179809884804162046e+00
1.491774855938800926e-06
8.081698919620949929e-09
6.389826435225159217e-12
