1.953684892035120167e+06
6.060470614750166611e-12
6.579244283967406536e-09
1.373256944774707062e-06
3.388164231195629927e+00
1.256472296521895260e+03
3.272590286082302100e+03
3.053018896561034126e+03
3.612269783553384059e+03
2.939579531015262091e+03
3.962948411530610883e+03
5.517107864945232905e+02
7.423696080026907396e+00
6.486379751737564092e+00
5.926477016789933466e-03
2.578915560545939947e-06
1.617434419722401919e-10
4.886049461761628051e-15
5.629164352720267187e-21
6.719538784830829366e-27
3.691542047879185062e-28
2.313879139002333898e-28
3.703804481817807353e-28
1.322977268391764648e-28
8.712088422121894883e-28
1.195951755898535123e-28
2.885702122366593558e-28
7.332815573707960419e-29
3.383957759013622523e-28
6.365905357877425953e-29
1.610309702074317535e-28
6.794860061680211706e-29
2.047791800202535379e-27
5.863098813737476661e-29
1.666493801991225048e-28
5.949292196515346818e-29
3.019082367618674454e-28
6.492532442730335394e-29
1.679044552649723526e-28
7.498616212821132234e-29
7.176936436983720361e-28
7.284417633587112358e-29
1.670702642558554133e-28
5.559133701556524103e-29
3.041008115152010120e-28
5.180726783970865469e-29
1.557362169052657798e-28
5.532987916315501394e-29
1.529507350453181749e-27
5.259669652409231458e-29
1.583062837133087862e-28
5.290329400529699007e-29
3.030105011675630740e-28
5.786719077694047018e-29
1.736941097474293866e-28
8.449529064950684584e-29
6.861098482372641042e-28
7.276660222426041670e-29
1.778752996106358073e-28
5.972732199539557067e-29
3.020008951909653282e-28
5.082337961691433513e-29
1.492946165003930700e-28
5.369381680443471018e-29
5.999423852920743768e-27
5.250663063501268236e-29
1.514865079396053218e-28
5.141836304456546603e-29
3.019697370212948016e-28
5.853743984769894862e-29
1.706107058054265569e-28
7.331304436551038397e-29
6.861098482372641042e-28
8.238873137730896747e-29
1.809168347301797345e-28
5.765661319747215412e-29
3.030234392745525216e-28
5.229632836318854334e-29
1.529452752688010062e-28
5.523042308244958584e-29
1.529507350453181749e-27
5.308992439497492022e-29
1.536501746144463150e-28
5.245745120295949863e-29
3.041452709219442148e-28
5.566336089665616665e-29
1.656081065196957956e-28
7.546622093080555750e-29
7.176936436983720361e-28
8.363294151893304484e-29
1.755483052292326365e-28
6.212300063953158164e-29
3.019564678563857967e-28
5.614819595000460387e-29
1.626093036002645036e-28
5.981289056250278028e-29
2.047791800202535379e-27
6.521180671767690390e-29
1.574416816191306541e-28
6.386752862815504562e-29
3.384089950192170863e-28
7.249512905290475069e-29
2.860487057305470827e-28
1.154258186752274102e-28
8.712088422121894883e-28
1.342567963508038659e-28
3.718599676675002516e-28
2.270699837735378179e-28
3.691604265618477085e-28
6.691646839497944984e-27
5.629196597186550558e-21
4.886049510558824210e-15
1.617434419722401919e-10
2.578915560546214809e-06
5.926477016789951681e-03
6.486379751737565869e+00
7.423696080026909172e+00
5.517107864945234041e+02
3.962948411530610883e+03
2.939579531015262091e+03
3.612269783553384059e+03
3.053018896561034126e+03
3.272590286082302100e+03
1.256472296521895260e+03
3.388164231195630816e+00
1.373256944774574713e-06
6.579244283975588179e-09
6.060470614637803334e-12
