1.950091636672473280e+06
5.104619783302809227e-12
5.160416985599952818e-09
1.587400014971334911e-06
2.735152334787494421e+00
1.252026501318650617e+03
3.014850275040414090e+03
3.123734607853892612e+03
3.322487993907098371e+03
2.705660012621977330e+03
3.660142775210666969e+03
4.905650619081931154e+02
5.740800643432190320e+00
5.118932946315197796e+00
4.804484005851414330e-03
1.978658996431988201e-06
1.192047815308357650e-10
3.541851461406686007e-15
3.742629356004065211e-21
4.054173326982560765e-27
3.591460171120462758e-28
2.059758863315038549e-28
3.313361982702316038e-28
1.348576220394941183e-28
8.155272055682668758e-28
1.021840517333153235e-28
2.682419669748140766e-28
6.983653274465668686e-29
3.346877411498408323e-28
6.184378602049175370e-29
1.568833964137656410e-28
6.447388006760030500e-29
2.006022489226311730e-27
5.710268164902041520e-29
1.611337106482003411e-28
5.856651739352744972e-29
3.002563906157874398e-28
6.327964397909844934e-29
1.651741137304992849e-28
6.967400669534747758e-29
7.127579030656311866e-28
7.009756930135372768e-29
1.640495917731117646e-28
5.321795094624017208e-29
2.986214270276523501e-28
5.034564680526654456e-29
1.534323763628565194e-28
5.434107519690321911e-29
1.523350269901936713e-27
5.138688709931801753e-29
1.556470417025066795e-28
5.071856778540116632e-29
2.975827427678095347e-28
5.624929812136544284e-29
1.694230278452834965e-28
8.016388421229966146e-29
6.930060560556248614e-28
7.216596584207950594e-29
1.744985598345193481e-28
5.762301759218706192e-29
2.966740322252894023e-28
4.983529774485859258e-29
1.477186332182759902e-28
5.309317703386419283e-29
5.994404042143079890e-27
5.144638564508201405e-29
1.501814240105431817e-28
5.032969901293656860e-29
2.967054918474234298e-28
5.726261493496991353e-29
1.678620459064518887e-28
7.228006847594191202e-29
6.930060560556248614e-28
7.830880224072152942e-29
1.780331421081753483e-28
5.586710442878211892e-29
2.975551774497930541e-28
5.017898086561182306e-29
1.501748600131193582e-28
5.383080917849738471e-29
1.523350269901936713e-27
5.245817547530514043e-29
1.516080119671353765e-28
5.113788155573797013e-29
2.986271226829708715e-28
5.289160574942033558e-29
1.620201101799020869e-28
7.253328744030678105e-29
7.127579030656311866e-28
7.769975278966590178e-29
1.723118130312368660e-28
6.051633737200398827e-29
3.002801720874431916e-28
5.479210279382186286e-29
1.575714118240552915e-28
5.801440684924932584e-29
2.006022489226311730e-27
6.184576772412411312e-29
1.535653833243759908e-28
6.175109498284987266e-29
3.347103693226428447e-28
6.819668266137620492e-29
2.642553579846636563e-28
9.764876115690651135e-29
8.155272055682668758e-28
1.394172713659007239e-28
3.299858116031936240e-28
2.002988469452507574e-28
3.591186612795309482e-28
4.067103715388047036e-27
3.742635414437554828e-21
3.541851477754066347e-15
1.192047815308357650e-10
1.978658996432186407e-06
4.804484005851421269e-03
5.118932946315197796e+00
5.740800643432190320e+00
4.905650619081931154e+02
3.660142775210666969e+03
2.705660012621976875e+03
3.322487993907098371e+03
3.123734607853893067e+03
3.014850275040414090e+03
1.252026501318650617e+03
2.735152334787494421e+00
1.587400014971238349e-06
5.160416985610941085e-09
5.104619783120062896e-12
