1.950144554268527543e+06
4.945646770939943695e-12
5.073523850986030784e-09
1.614640295541180913e-06
2.697447341213455196e+00
1.260809482781132829e+03
2.950834066392900695e+03
3.131692589708877222e+03
3.307656343616274626e+03
2.681497629638846320e+03
3.613358079163461298e+03
4.779491310410795109e+02
5.491907270727005574e+00
4.887962395558540507e+00
4.571087637924013680e-03
1.859593494873936685e-06
1.112756824204310813e-10
3.294434164165125045e-15
3.438117437662872915e-21
3.705357922319482274e-27
3.578379636565500431e-28
2.063323237417296684e-28
3.280187053181968150e-28
1.336624680168872131e-28
7.987476183147964610e-28
1.028370605755138352e-28
2.682706942583305579e-28
6.885976708522574161e-29
3.338391673367235973e-28
6.252005601043565232e-29
1.551911624593600039e-28
6.383624302806256664e-29
1.981486717709812438e-27
5.636591941145158582e-29
1.601116047766243608e-28
5.853479503251856235e-29
2.987031678124647387e-28
6.302151103158574494e-29
1.632927419148458131e-28
6.882053595103973489e-29
6.982637085519281452e-28
6.896833431146666231e-29
1.639765934008562150e-28
5.368644969529977307e-29
2.981653707386669884e-28
5.084338526142357762e-29
1.537487491163159585e-28
5.439820059274884487e-29
1.519630156023534199e-27
5.150936401219630174e-29
1.568004216011731712e-28
5.037112540413657527e-29
2.993216705856915192e-28
5.637485075792437650e-29
1.712561000659227859e-28
7.987618275015502462e-29
6.785024765195420392e-28
7.144831867981821998e-29
1.774308795186589921e-28
5.654688500041110439e-29
2.961997508768011510e-28
4.929649241092954038e-29
1.474407332564835547e-28
5.198652382521877767e-29
5.824574174167935451e-27
5.048501455543147106e-29
1.490546078297700066e-28
4.978420915640363959e-29
2.961776607959292141e-28
5.598841757204030945e-29
1.696253352571207819e-28
7.077251921832251157e-29
6.785024765195420392e-28
7.774073953537292304e-29
1.821308990835171924e-28
5.578013141106538154e-29
2.993356787317823765e-28
5.021476819512558456e-29
1.514157911584278744e-28
5.396459259281658774e-29
1.519630156023534199e-27
5.200427027898553683e-29
1.523985806453927355e-28
5.168331734871719760e-29
2.982081845095023195e-28
5.348450615918294047e-29
1.622642994207635674e-28
7.170769320925545237e-29
6.982637085519281452e-28
7.657647586713173834e-29
1.698175877898312355e-28
6.069193541235413852e-29
2.986862218876862744e-28
5.431995685780543950e-29
1.563163860932240363e-28
5.736871719497295164e-29
1.981486717709812438e-27
6.192028233579480250e-29
1.522501486973408335e-28
6.246058998723155428e-29
3.338708557132404306e-28
6.767278945863213041e-29
2.647357911649122221e-28
9.885142742883528170e-29
7.987476183147964610e-28
1.376144908313105182e-28
3.276120519800323340e-28
2.007104067800505486e-28
3.578284844858133214e-28
3.718550065652403374e-27
3.438121004955259199e-21
3.294434177407999302e-15
1.112756824204310813e-10
1.859593494874141879e-06
4.571087637924029293e-03
4.887962395558543172e+00
5.491907270727005574e+00
4.779491310410795109e+02
3.613358079163462207e+03
2.681497629638846320e+03
3.307656343616274626e+03
3.131692589708877222e+03
2.950834066392900695e+03
1.260809482781132829e+03
2.697447341213455640e+00
1.614640295541119715e-06
5.073523850996656746e-09
4.945646770744315481e-12
