1.950188824631525436e+06
4.803303260632493360e-12
4.984931243510297487e-09
1.640269841657148240e-06
2.671957695418464951e+00
1.269487773035241617e+03
2.887670103086023119e+03
3.143263544984804412e+03
3.304355435953487813e+03
2.669628269300567354e+03
3.565654428484219807e+03
4.644716551807875931e+02
5.251276384978477374e+00
4.666058797258578750e+00
4.348026567423654565e-03
1.747409474418422681e-06
1.038475384627612395e-10
3.063082752540966696e-15
3.158615936621806340e-21
3.378202742491952104e-27
3.530259580511327565e-28
2.034478912093053116e-28
3.193311003874871289e-28
1.310405527153372191e-28
8.001389705739379367e-28
1.005319895781079719e-28
2.626223572635166117e-28
6.752277046028881790e-29
3.359986348140939980e-28
6.235884747172518914e-29
1.573295586362378111e-28
6.315253597283879666e-29
1.967292493593537406e-27
5.678746398035087569e-29
1.591560292216809726e-28
5.801145799987995217e-29
2.944643090556154169e-28
6.216460635068511002e-29
1.620820692826511753e-28
6.934983928663869488e-29
6.966792791521959728e-28
6.828696541242954907e-29
1.633277869535922087e-28
5.351190335163436164e-29
3.003164527653349919e-28
4.997835443047318156e-29
1.514231386433784354e-28
5.380556375778028486e-29
1.511191910295311316e-27
5.086787172866008413e-29
1.550956455363616931e-28
5.082417517046752621e-29
3.011148023009380925e-28
5.800795746383013471e-29
1.701100645336997210e-28
7.909050512505496937e-29
6.707465015303916116e-28
7.063078747145357701e-29
1.735861753533804112e-28
5.743744175859962956e-29
2.952953198427506409e-28
4.944753661747924756e-29
1.463139667583023126e-28
5.263225028462162603e-29
5.782643815907471424e-27
5.166944646090600770e-29
1.479994032434861369e-28
4.974097914570518449e-29
2.952725084017058134e-28
5.650427144281449029e-29
1.664893628358662928e-28
7.054609254389018336e-29
6.707465015303916116e-28
7.604545966377761173e-29
1.786800044792948338e-28
5.723107797008217338e-29
3.011720632499995229e-28
5.063739929417910988e-29
1.501575098947628652e-28
5.339556017341289117e-29
1.511191910295311316e-27
5.169246128078009054e-29
1.500230236964708856e-28
5.083080490301657536e-29
3.003384120150316911e-28
5.334729953795104737e-29
1.609025716825444253e-28
7.132752406141351784e-29
6.966792791521959728e-28
7.741197767731863142e-29
1.685364658611281780e-28
6.038360012763648654e-29
2.944605983551442751e-28
5.405763881032806444e-29
1.559915220152167755e-28
5.768684054319121849e-29
1.967292493593537406e-27
6.067056710601251241e-29
1.543614839996511055e-28
6.242346035752465967e-29
3.360341502848264373e-28
6.657464635985849229e-29
2.601871334034634391e-28
9.638217670476129381e-29
8.001389705739379367e-28
1.346388525182807664e-28
3.187533320561961656e-28
1.986254652996287390e-28
3.530224702989611328e-28
3.389690543905061470e-27
3.158618680528486809e-21
3.063082763501352781e-15
1.038475384627612395e-10
1.747409474418631899e-06
4.348026567423667575e-03
4.666058797258578750e+00
5.251276384978477374e+00
4.644716551807875931e+02
3.565654428484219807e+03
2.669628269300567354e+03
3.304355435953487813e+03
3.143263544984804412e+03
2.887670103086023573e+03
1.269487773035241617e+03
2.671957695418464951e+00
1.640269841657080054e-06
4.984931243520465191e-09
4.803303260417237377e-12
