1.950285382449166384e+06
4.675286619782804698e-12
4.905967837765757104e-09
1.662979658017732115e-06
2.658019560171223983e+00
1.273135445597746866e+03
2.825367583535271024e+03
3.147342770567577645e+03
3.311016590544440078e+03
2.657847409737711132e+03
3.506208100744223430e+03
4.505161975979507929e+02
5.020299366388980999e+00
4.453845329628155270e+00
4.136932526110312716e-03
1.643139965215001116e-06
9.699374491122907320e-11
2.850448748240479505e-15
2.906996680483394922e-21
3.096075104953828588e-27
3.502736998134684786e-28
2.021292837293035881e-28
3.111931155575710520e-28
1.280780146314578031e-28
7.851266020702775825e-28
1.019194568417184593e-28
2.658297015769925039e-28
6.815944866092855572e-29
3.342672952956519421e-28
6.248626840587925182e-29
1.544692574845655181e-28
6.318600081529709587e-29
1.958184440432253488e-27
5.616185063146711230e-29
1.591270745849558490e-28
5.833227420622324512e-29
2.965059090053446699e-28
6.178587526660862370e-29
1.612832522875523854e-28
6.901266936576745513e-29
6.974394633961910568e-28
6.860480914028244307e-29
1.625577818847610367e-28
5.321045014496014259e-29
2.988903269032864664e-28
4.996071988249362966e-29
1.518015730569750969e-28
5.447576549639446260e-29
1.519821482658765076e-27
5.127057810631983056e-29
1.538665860260318566e-28
5.050407797286773060e-29
2.984370653554055906e-28
5.587353560303973744e-29
1.699129822051651980e-28
7.790318410932879435e-29
6.809950256830690273e-28
7.108085655586565626e-29
1.734134215368697486e-28
5.717584803287678333e-29
2.980576907993415428e-28
4.899134495275244204e-29
1.456761332717088368e-28
5.208141472715782724e-29
5.813855524359239115e-27
5.097775241788512205e-29
1.471091068495915651e-28
4.967802829761733120e-29
2.980094908502183707e-28
5.628722297800699247e-29
1.664158369623564902e-28
7.024723368819143360e-29
6.809950256830690273e-28
7.615251176087205321e-29
1.778334988329282794e-28
5.539417856841683811e-29
2.984294788026351859e-28
5.030296682412463801e-29
1.492541727956817168e-28
5.379736273120809657e-29
1.519821482658765076e-27
5.201407879737274581e-29
1.502286319747115211e-28
5.055606769721305842e-29
2.989168745644374045e-28
5.286345858548232921e-29
1.607151434970993979e-28
7.182812795394717747e-29
6.974394633961910568e-28
7.646773793797062999e-29
1.685156519874046854e-28
5.923358513553386589e-29
2.965421843648406522e-28
5.418295077593391023e-29
1.555905994722867255e-28
5.713731213248443349e-29
1.958184440432253488e-27
6.041187416699429667e-29
1.516020051075356432e-28
6.249271527856840854e-29
3.343084482717772183e-28
6.743360368952651083e-29
2.630119561431000378e-28
9.765264036882685785e-29
7.851266020702775825e-28
1.299656292776581066e-28
3.111397202834442727e-28
1.971121856180123113e-28
3.502562849147591032e-28
3.105583555542044246e-27
2.906999858772482947e-21
2.850448759497048939e-15
9.699374491122907320e-11
1.643139965215208639e-06
4.136932526110319655e-03
4.453845329628155270e+00
5.020299366388980999e+00
4.505161975979508497e+02
3.506208100744222520e+03
2.657847409737711132e+03
3.311016590544440078e+03
3.147342770567577645e+03
2.825367583535271478e+03
1.273135445597746866e+03
2.658019560171223983e+00
1.662979658017700351e-06
4.905967837775647702e-09
4.675286619577661483e-12
