1.950762749873993918e+06
4.458152505391526651e-12
4.748223904550673725e-09
1.708683743617012095e-06
2.637644919759094098e+00
1.275758356051673445e+03
2.710292525324837698e+03
3.136872379414254283e+03
3.310971774912716228e+03
2.630575900885326519e+03
3.378933653313798459e+03
4.230058679319511725e+02
4.585575050345014780e+00
4.052818002970062672e+00
3.742169310335750638e-03
1.455095837721974131e-06
8.482516600700417188e-11
2.475733803003540373e-15
2.479150454759741918e-21
2.601832731684548048e-27
3.465975536970853972e-28
1.961914907868345914e-28
3.012231723313932737e-28
1.263625755366056666e-28
7.793489121757260047e-28
1.010221445968510102e-28
2.633079448048291050e-28
6.809665922300218269e-29
3.344102818791281347e-28
6.267933982888688722e-29
1.537067352510404728e-28
6.311574797605078773e-29
2.051105774295908612e-27
5.637153207586443231e-29
1.561554509253354326e-28
5.820023373156425179e-29
2.959087259074413547e-28
6.152160681548032643e-29
1.616171760463811110e-28
6.825530573856394120e-29
7.040382611843336755e-28
6.807936905870680274e-29
1.603735913391076834e-28
5.269423327927273421e-29
2.970975701968780978e-28
5.007451991025826082e-29
1.515892078175752026e-28
5.357678713365564982e-29
1.517720908622127837e-27
5.057465041436350616e-29
1.547034498087476991e-28
5.044654214500830253e-29
2.969321803514891634e-28
5.597128077070040712e-29
1.670589985602587454e-28
7.828785896708102464e-29
6.821465422895557922e-28
6.989848394787858770e-29
1.701389148551192444e-28
5.725820493504459803e-29
2.968068554895798336e-28
4.896145484441876762e-29
1.456896917591302986e-28
5.184736265054311122e-29
6.010525798581161652e-27
5.021284828958963319e-29
1.473334049275055076e-28
4.953476374320721065e-29
2.967731172317485404e-28
5.692166532020706320e-29
1.645877502348723724e-28
6.938876480508886740e-29
6.821465422895557922e-28
7.598331430671364398e-29
1.745667787429102990e-28
5.540141792291072459e-29
2.969722655537307863e-28
4.982069479256678050e-29
1.500243844690354275e-28
5.321414549670680440e-29
1.517720908622127837e-27
5.114185635055220757e-29
1.498494495837940345e-28
5.078721639086275065e-29
2.970964863235271036e-28
5.242813609598520008e-29
1.592258689860004681e-28
7.212678780974234811e-29
7.040382611843336755e-28
7.512264625021428557e-29
1.680796650731432674e-28
5.968765538730988952e-29
2.959053728328014127e-28
5.399733510217737857e-29
1.530751422491086787e-28
5.694999811782456755e-29
2.051105774295908612e-27
6.052071703554615929e-29
1.507891871205032037e-28
6.273865432147175408e-29
3.344358102144022183e-28
6.724013159779145377e-29
2.613320093118144862e-28
9.707630914617932508e-29
7.793489121757260047e-28
1.285295898443810481e-28
3.006620264103303070e-28
1.912089667157074657e-28
3.465875380712231405e-28
2.609573536422401838e-27
2.479151366576555018e-21
2.475733811451301923e-15
8.482516600700417188e-11
1.455095837722112409e-06
3.742169310335760612e-03
4.052818002970064448e+00
4.585575050345014780e+00
4.230058679319511157e+02
3.378933653313799368e+03
2.630575900885326519e+03
3.310971774912716228e+03
3.136872379414254283e+03
2.710292525324837698e+03
1.275758356051673672e+03
2.637644919759094098e+00
1.708683743616940732e-06
4.748223904558446741e-09
4.458152505193617227e-12
