1.952858534857802326e+06
5.992150952748530750e-12
6.408652421612597101e-09
1.380859633733163327e-06
3.300279598217615185e+00
1.251716093680893437e+03
3.294765520612257205e+03
3.071720878210358478e+03
3.572728393205746215e+03
2.935020246543159828e+03
3.966305149928876290e+03
5.517295967179520630e+02
7.389540910144407171e+00
6.486570209907989160e+00
5.970325017080287990e-03
2.595260222489628955e-06
1.624486290110509218e-10
4.908094466932362543e-15
5.626143295210192909e-21
6.642723502531728859e-27
3.710948099127459259e-28
2.277993922003910056e-28
3.676598704334095484e-28
1.344602903138721274e-28
8.668566520197349775e-28
1.195666486348203945e-28
2.859839230558183840e-28
7.491496881926039052e-29
3.446795653164437383e-28
6.455887393408100396e-29
1.614060124546570650e-28
6.819928920122522217e-29
2.033041859501214186e-27
5.897304894067779329e-29
1.649336529795882423e-28
5.968810162723893259e-29
2.977599899364102254e-28
6.435712949316634839e-29
1.687175032820357319e-28
7.440813749829094704e-29
7.122702545500264910e-28
7.248953808914053463e-29
1.670992318551878367e-28
5.497319495157609534e-29
3.017617255457156964e-28
5.149626188330892259e-29
1.551378830515241713e-28
5.557523735885548873e-29
1.538631818953338025e-27
5.229077520823479500e-29
1.587706604177658796e-28
5.222337535841471877e-29
2.986244720175559375e-28
5.780778182649125855e-29
1.760445891889518717e-28
8.467261537194524924e-29
6.951617737936958548e-28
7.320472364774988895e-29
1.798153768991433100e-28
5.850346984907513964e-29
2.986459307741245086e-28
5.038386496095506643e-29
1.484940157820367891e-28
5.361102916165593227e-29
5.838622439665322785e-27
5.216500695500133126e-29
1.506371319479829183e-28
5.098404044819364463e-29
2.986220480400051083e-28
5.772031105087698546e-29
1.716073858395371210e-28
7.390681041364180319e-29
6.951617737936958548e-28
8.280180802057305513e-29
1.841636368480025406e-28
5.694050564427620837e-29
2.986024764451974264e-28
5.172888810718801590e-29
1.534993979969029897e-28
5.476406131373404932e-29
1.538631818953338025e-27
5.349651245245928093e-29
1.533317756658001125e-28
5.215747007425570153e-29
3.016822153680519997e-28
5.510580149884419286e-29
1.660058449226600798e-28
7.515822285242801005e-29
7.122702545500264910e-28
8.281259505353780334e-29
1.771030441759981014e-28
6.195532729287267155e-29
2.976889330265370786e-28
5.619776745542416668e-29
1.609967749466815995e-28
6.087745587074760286e-29
2.033041859501214186e-27
6.523882313179596873e-29
1.574037345584786290e-28
6.508780823789159831e-29
3.446924021665053614e-28
7.402904322095061931e-29
2.830718878898475232e-28
1.154983021095925096e-28
8.668566520197349775e-28
1.369102627233817403e-28
3.687798916946950561e-28
2.230456349105803466e-28
3.710755699171422243e-28
6.622669158149209687e-27
5.626172646938621531e-21
4.908094509747836295e-15
1.624486290110509218e-10
2.595260222490053742e-06
5.970325017080301867e-03
6.486570209907991824e+00
7.389540910144408947e+00
5.517295967179520630e+02
3.966305149928876290e+03
2.935020246543159828e+03
3.572728393205746215e+03
3.071720878210358023e+03
3.294765520612257660e+03
1.251716093680893437e+03
3.300279598217615629e+00
1.380859633733028437e-06
6.408652421622491836e-09
5.992150952640529558e-12
