1.953007395104841795e+06
4.248803513138079611e-12
4.465609053222612489e-09
1.777991153852292759e-06
2.604199202021678428e+00
1.275744050993698693e+03
2.507138021918308368e+03
3.140613805619451341e+03
3.196869716542415972e+03
2.504055844718628578e+03
3.125113905576131856e+03
3.725533483944757336e+02
3.760796314674724972e+00
3.241700736386073700e+00
2.933907316048984647e-03
1.099440585000175291e-06
6.276280685907885796e-11
1.813417782454665146e-15
1.784330904610095013e-21
1.830346707173949196e-27
3.456442930191628630e-28
1.747341611663752085e-28
2.855202644773728400e-28
1.181824706823879180e-28
7.933368458948034078e-28
1.034269705961191242e-28
2.530714755814182555e-28
6.645549756221850022e-29
3.270677927688301127e-28
6.110594150042580893e-29
1.551566151114133190e-28
6.264527458640279056e-29
1.963299671304277092e-27
5.579653463070854631e-29
1.558463638221890693e-28
5.789023986320027004e-29
2.961516775576478683e-28
5.972157245082139661e-29
1.590092088357745306e-28
6.715412182059047123e-29
7.027673501130765837e-28
6.676154796038567463e-29
1.610183276615743363e-28
5.198552729837944298e-29
2.948374134535618690e-28
4.936992428311093049e-29
1.503132729681418603e-28
5.290506873369733778e-29
1.499503826896299063e-27
4.987154721786272852e-29
1.516889688539165391e-28
4.944428081010152889e-29
2.963287933026234779e-28
5.450304846323545807e-29
1.659480581794296828e-28
7.609335565240965875e-29
6.756904067654588443e-28
7.013916867399093109e-29
1.691074821222296473e-28
5.607853975672355597e-29
2.945753369247638049e-28
4.834363703294689213e-29
1.440832148480640253e-28
5.065976334204463194e-29
5.685463132540648191e-27
4.953875503654769013e-29
1.460794348177912791e-28
4.890010477598829555e-29
2.945803768871907737e-28
5.536724493895087858e-29
1.632817279233334944e-28
6.995762783756237973e-29
6.756904067654588443e-28
7.546795826452831367e-29
1.737301868766639070e-28
5.364885580114491587e-29
2.963435930086295241e-28
4.901375784607516979e-29
1.471790243726586972e-28
5.265756571726160561e-29
1.499503826896299063e-27
5.049491484153268606e-29
1.487086932126706067e-28
4.972751359208332454e-29
2.948688575618990739e-28
5.199394947844650752e-29
1.600337669732236084e-28
7.011205853776438091e-29
7.027673501130765837e-28
7.449134397601879721e-29
1.654622076582314989e-28
5.793376302011293464e-29
2.961361725350304724e-28
5.349634111718423811e-29
1.528888549795633442e-28
5.655419804977720789e-29
1.963299671304277092e-27
5.934548889334557475e-29
1.524511832898648939e-28
6.119038922788913089e-29
3.270728583424319511e-28
6.544862480034246545e-29
2.518930070642637877e-28
9.957826648775008202e-29
7.933368458948034078e-28
1.182457803733526857e-28
2.841164922117594168e-28
1.713848655437535538e-28
3.456518741769797838e-28
1.833188948278761080e-27
1.784332627511963061e-21
1.813417790530782885e-15
6.276280685907885796e-11
1.099440585000138868e-06
2.933907316048989418e-03
3.241700736386074588e+00
3.760796314674724972e+00
3.725533483944758473e+02
3.125113905576132311e+03
2.504055844718628578e+03
3.196869716542415972e+03
3.140613805619451796e+03
2.507138021918308823e+03
1.275744050993698693e+03
2.604199202021678428e+00
1.777991153852290218e-06
4.465609053227273652e-09
4.248803513016982469e-12
