1.954938795554220211e+06
4.252800928281580932e-12
4.362766597833682603e-09
1.799962258785385483e-06
2.575223671549628168e+00
1.275013283037756764e+03
2.418558538370679344e+03
3.159447860909146129e+03
3.079271716774896959e+03
2.450821784197043144e+03
2.967079471477149582e+03
3.503930684932867621e+02
3.398488964234088083e+00
2.859759627088701350e+00
2.545052428330350693e-03
9.371652859840650535e-07
5.299567374755991074e-11
1.525532355009056055e-15
1.499902870914495507e-21
1.504279505066405471e-27
3.387426674674649723e-28
1.678522505202660543e-28
2.864594261220064454e-28
1.138464871736755861e-28
7.947637633909161691e-28
1.017288756635928945e-28
2.584929530604619689e-28
6.671693663061521024e-29
3.324294619611837975e-28
6.226427044522412095e-29
1.515765022025732801e-28
6.291540740128000044e-29
1.957378388477102842e-27
5.527317638079220448e-29
1.554543078303890474e-28
5.870915610849578809e-29
2.898463965283039325e-28
6.002141670178600492e-29
1.605129968635191654e-28
6.687428187502621088e-29
7.063861177439270242e-28
6.680303124663733561e-29
1.588154482390753133e-28
5.209391843258915394e-29
2.964110357129675880e-28
4.946466386116204684e-29
1.500577159168874247e-28
5.254285099067281390e-29
1.514845296374233029e-27
4.956857825200795518e-29
1.510690813164184268e-28
4.968146352108568967e-29
2.951543252249163824e-28
5.446269618865165660e-29
1.648558526442922802e-28
7.718468351882481657e-29
6.773666388161910779e-28
7.060813456293272025e-29
1.681129603906441339e-28
5.650500355210102551e-29
2.967679784106248611e-28
4.760189799557621408e-29
1.444263656332820779e-28
5.060889585464102744e-29
5.751934309262868542e-27
4.918572312465795934e-29
1.453180886979651037e-28
4.821696761571321937e-29
2.967806384888062217e-28
5.597394810413755026e-29
1.622135712095796856e-28
7.077534054093821930e-29
6.773666388161910779e-28
7.528392343105492748e-29
1.733904218732276657e-28
5.391245130783265074e-29
2.951628307183545343e-28
4.944808427451927125e-29
1.468078880353961048e-28
5.203762749454495295e-29
1.514845296374233029e-27
5.060006052125160858e-29
1.488285030597766149e-28
4.992729984273173051e-29
2.964416370644052954e-28
5.203719345535555233e-29
1.568399042395039528e-28
7.026112110929847158e-29
7.063861177439270242e-28
7.413129252280470007e-29
1.664301864246443282e-28
5.778999548686125440e-29
2.898640518323218872e-28
5.440268846392860905e-29
1.528378913567138985e-28
5.636204525653960366e-29
1.957378388477102842e-27
6.007263803804208050e-29
1.491539384047832108e-28
6.242740881544469150e-29
3.324672145472635879e-28
6.564364542917158901e-29
2.568376004983307565e-28
9.760539248409764374e-29
7.947637633909161691e-28
1.135588438291437784e-28
2.854347330442182350e-28
1.640215057703963590e-28
3.387442548621584614e-28
1.504960368484322665e-27
1.499904964091819354e-21
1.525532362464555227e-15
5.299567374755991074e-11
9.371652859839929498e-07
2.545052428330358500e-03
2.859759627088702683e+00
3.398488964234088083e+00
3.503930684932867621e+02
2.967079471477150037e+03
2.450821784197043598e+03
3.079271716774896959e+03
3.159447860909146129e+03
2.418558538370679344e+03
1.275013283037756764e+03
2.575223671549628168e+00
1.799962258785342073e-06
4.362766597834120181e-09
4.252800928157768796e-12
