1.956127370934813051e+06
4.245145803589808701e-12
4.314317562232074024e-09
1.806521074078684263e-06
2.550621530390877023e+00
1.273108048708534398e+03
2.378842193433921238e+03
3.168382470209455732e+03
3.016177224921871129e+03
2.431523043049290663e+03
2.882600151332474525e+03
3.402730281221819837e+02
3.239863987660135169e+00
2.686727924498039766e+00
2.366669616332604809e-03
8.634848539995954151e-07
4.856550209970322776e-11
1.394900149847391524e-15
1.372082764110561755e-21
1.366341248388004819e-27
3.406937977173688161e-28
1.661756390518211758e-28
2.874095554547615274e-28
1.114509060554694550e-28
7.977982125444101407e-28
1.003611608781902664e-28
2.558100003061488858e-28
6.675564300395786536e-29
3.307156993874446848e-28
6.137889161159452972e-29
1.523574214054013527e-28
6.301691801477617667e-29
1.946913320574712516e-27
5.615529607963248881e-29
1.558705034092599744e-28
5.716439049391060405e-29
2.906533855734125135e-28
6.045772622143642239e-29
1.589009988531772898e-28
6.681315993631989531e-29
6.993931357497182690e-28
6.676220677922055904e-29
1.599121628451623774e-28
5.148529575277275049e-29
2.979777083974997189e-28
4.813397167641189717e-29
1.489070112511567782e-28
5.221933749587356328e-29
1.511631187999358510e-27
4.956617718935862707e-29
1.505610092396827332e-28
4.916723424270066303e-29
2.990825236511931421e-28
5.399631407589606846e-29
1.652202969890246036e-28
7.476248109876375385e-29
6.836711428042652385e-28
7.090906288229846400e-29
1.676594630611390706e-28
5.649472161160130364e-29
2.919283751096727834e-28
4.779988428039089895e-29
1.446781571899478156e-28
5.097109152280199329e-29
5.746471911224487908e-27
4.928042590837633836e-29
1.454283200345511552e-28
4.882852290502739014e-29
2.919410509212505788e-28
5.555372609817243280e-29
1.625663417127870561e-28
7.026494915404203355e-29
6.836711428042652385e-28
7.370168230714850939e-29
1.721317291513266507e-28
5.311590908100351452e-29
2.990985070306935494e-28
4.875696217070295937e-29
1.469035013574006310e-28
5.213058041363192735e-29
1.511631187999358510e-27
5.008113662993069793e-29
1.476403829106954176e-28
4.869495954274467459e-29
2.979933573782231072e-28
5.117339726027073551e-29
1.587963624379912515e-28
7.025271670864801263e-29
6.993931357497182690e-28
7.407962411829866274e-29
1.637288052803912722e-28
5.746799978715729863e-29
2.906891042946439675e-28
5.301043591545881650e-29
1.529777560490569156e-28
5.643222094339357321e-29
1.946913320574712516e-27
5.949174519694157098e-29
1.498548567359079668e-28
6.125913589403465345e-29
3.307662339504532454e-28
6.561185553024694628e-29
2.547777447568869816e-28
9.663670221624177984e-29
7.977982125444101407e-28
1.112526432009500543e-28
2.868771735416522619e-28
1.627209620430599968e-28
3.406655318735276635e-28
1.365517409753294867e-27
1.372086312586046177e-21
1.394900158290560129e-15
4.856550209970322776e-11
8.634848539995222526e-07
2.366669616332610880e-03
2.686727924498040654e+00
3.239863987660135169e+00
3.402730281221819837e+02
2.882600151332474525e+03
2.431523043049290663e+03
3.016177224921871129e+03
3.168382470209456642e+03
2.378842193433921238e+03
1.273108048708534398e+03
2.550621530390877023e+00
1.806521074078717509e-06
4.314317562230882057e-09
4.245145803458522052e-12
