1.957427449226206169e+06
4.230534994298096017e-12
4.265725809874760782e-09
1.811153030737168110e-06
2.527049790163932830e+00
1.270728439680864767e+03
2.347708322050853894e+03
3.185182431465774243e+03
2.960167220991837439e+03
2.419531098172085422e+03
2.801510393934003787e+03
3.305963013392207586e+02
3.100215862975766790e+00
2.531107309317013776e+00
2.203884332462405834e-03
7.961238100092487144e-07
4.449562743690152638e-11
1.274234739872199341e-15
1.253778425015434740e-21
1.236645777807222993e-27
3.427091347937523573e-28
1.649602432167472262e-28
2.843900245793094000e-28
1.085728151757958690e-28
8.030893251145169297e-28
9.985599201900870038e-29
2.578287828767577528e-28
6.575803205882643915e-29
3.302178449893497487e-28
6.151925796953694283e-29
1.523159580524421239e-28
6.326685927974389434e-29
1.961255772386083307e-27
5.513001055944609249e-29
1.554880865066723464e-28
5.682299122246226051e-29
2.909159787994219228e-28
5.908188490796424392e-29
1.597254536799443538e-28
6.705807229954947109e-29
6.980236018164180328e-28
6.649000933247790666e-29
1.574528371558024687e-28
5.125582057678506934e-29
2.978090831039095400e-28
4.830845126983823596e-29
1.500752665428250857e-28
5.295039414611938994e-29
1.498968371300877490e-27
4.946112461365236270e-29
1.510834415457013074e-28
4.855620763629357295e-29
2.910211261983411527e-28
5.370658462682441942e-29
1.622244981693339074e-28
7.511220138628523860e-29
6.737232629487381153e-28
7.009370118191560758e-29
1.657534527362484186e-28
5.535518374669483583e-29
2.924511302620845568e-28
4.811307495532839813e-29
1.461036025775305819e-28
5.013838163554755012e-29
5.836695555115994661e-27
4.852376652148128438e-29
1.474496545383442438e-28
4.891533642154862558e-29
2.924804036771364007e-28
5.506893333085415308e-29
1.599433011421051071e-28
6.967061296227748418e-29
6.737232629487381153e-28
7.406764684291004259e-29
1.697221976870816572e-28
5.239481601378841951e-29
2.909812532955547207e-28
4.845459650734951394e-29
1.470956715212732208e-28
5.152739743630563365e-29
1.498968371300877490e-27
5.040235600001334509e-29
1.489023923965510009e-28
4.889845942484488208e-29
2.978233360915044094e-28
5.122771811970760168e-29
1.553462547436545390e-28
6.989815400464118706e-29
6.980236018164180328e-28
7.489539178292702548e-29
1.649275648182955898e-28
5.686265261890893744e-29
2.909377599680830940e-28
5.291984459663185134e-29
1.528005986387031884e-28
5.612569120916444944e-29
1.961255772386083307e-27
5.961710704338072960e-29
1.500206887743833075e-28
6.142027291838968581e-29
3.302574751347883070e-28
6.431375641220882365e-29
2.561904625094109562e-28
9.571293378422198958e-29
8.030893251145169297e-28
1.080006453582674515e-28
2.842562471353580844e-28
1.610534209765398409e-28
3.426893907196437481e-28
1.234765225400959222e-27
1.253780650402240186e-21
1.274234748094377438e-15
4.449562743690152638e-11
7.961238100091406119e-07
2.203884332462411038e-03
2.531107309317014220e+00
3.100215862975767678e+00
3.305963013392207017e+02
2.801510393934003787e+03
2.419531098172085422e+03
2.960167220991837439e+03
3.185182431465774243e+03
2.347708322050853894e+03
1.270728439680864767e+03
2.527049790163932830e+00
1.811153030737155828e-06
4.265725809872664706e-09
4.230534994234846588e-12
