1.967314775965931593e+06
4.076413820194178164e-12
3.994868569135970475e-09
1.822168682340040319e-06
2.365078751496314968e+00
1.258601554684285020e+03
2.225071174302274358e+03
3.339810406032773699e+03
2.879044778812473396e+03
2.277225333020760900e+03
2.390665117408936567e+03
2.928453830199750882e+02
2.636160245344352671e+00
1.966766835659002899e+00
1.568692451973236401e-03
5.249989546971846333e-07
2.812222284624558323e-11
7.867241625364084277e-16
7.740369916402810784e-22
7.518344338121458882e-28
3.450375702990225735e-28
1.475432971384978295e-28
2.794376549026901677e-28
1.081416408463313739e-28
7.870879402225998620e-28
9.559361636038594341e-29
2.439440948024040384e-28
6.481357614473394678e-29
3.204226183162091633e-28
5.814430078476201055e-29
1.525153643266715386e-28
6.189005010570614508e-29
1.924427318674971856e-27
5.304067894965965067e-29
1.518806329171019087e-28
5.613682248545316090e-29
2.905106648411749329e-28
5.687930681906197633e-29
1.550047760555249486e-28
6.598106144404484047e-29
6.907482450058859686e-28
6.553532609361075708e-29
1.541568891754671080e-28
4.995226509437663107e-29
2.977270549185277111e-28
4.811638765124962535e-29
1.474406146672374351e-28
5.275202066797806373e-29
1.490586901487812609e-27
4.867250018992269462e-29
1.505410798437667042e-28
4.758638467160161681e-29
2.914939620808164959e-28
5.310917417391210727e-29
1.564784310897018269e-28
7.439491954442196950e-29
6.621735152550149956e-28
7.020909657771956974e-29
1.633084302665793710e-28
5.496402539048200133e-29
2.942636092979785329e-28
4.723249353327375392e-29
1.415010690723192917e-28
4.948868986809588926e-29
5.672505202288533025e-27
4.777696203354339533e-29
1.428915359503071680e-28
4.805870880660959278e-29
2.942558715751646617e-28
5.398284392435283470e-29
1.581304643551748999e-28
6.882375208784339317e-29
6.621735152550149956e-28
7.296453669959897357e-29
1.628861725190146862e-28
5.210527830113450828e-29
2.914645434529299162e-28
4.783432275534401859e-29
1.467856385151607589e-28
5.108134464626670842e-29
1.490586901487812609e-27
5.047606579319197427e-29
1.461137782486930842e-28
4.882119771846959908e-29
2.977398907469804240e-28
4.974463166528747818e-29
1.532634021722264777e-28
6.790518569913039536e-29
6.907482450058859686e-28
7.400535693523859278e-29
1.600124074533869177e-28
5.508987389728468741e-29
2.905304957858277215e-28
5.227419913147997622e-29
1.494375241061707453e-28
5.382534329558678666e-29
1.924427318674971856e-27
5.860492805874466810e-29
1.502262304301459149e-28
5.859709177558935163e-29
3.204362403116756204e-28
6.337723028762274435e-29
2.434857969559703501e-28
9.068016995584797064e-29
7.870879402225998620e-28
1.064776494031702489e-28
2.795823971250491174e-28
1.438470854729440870e-28
3.450710614189209440e-28
7.520567826315703940e-28
7.740439977330681369e-22
7.867241679863288346e-16
2.812222284624558323e-11
5.249989546971327525e-07
1.568692451973240955e-03
1.966766835659003343e+00
2.636160245344352671e+00
2.928453830199750882e+02
2.390665117408936567e+03
2.277225333020760900e+03
2.879044778812473396e+03
3.339810406032773699e+03
2.225071174302274358e+03
1.258601554684285020e+03
2.365078751496315412e+00
1.822168682340125022e-06
3.994868569125337895e-09
4.076413820296509453e-12
