1.969323003445873968e+06
4.009233491199740446e-12
3.958460975743231601e-09
1.816013829847925442e-06
2.338228171107770592e+00
1.254628204610289686e+03
2.197412420128902340e+03
3.351382903326601991e+03
2.884280626542265509e+03
2.258671921259123337e+03
2.359098550841526503e+03
2.904492317451537815e+02
2.605363017747752252e+00
1.916288878646469573e+00
1.504137439179087420e-03
4.973911566738837363e-07
2.657262485356547791e-11
7.432914229202881641e-16
7.343339074970736378e-22
7.239856336007057619e-28
3.409740441101755366e-28
1.420016261055642393e-28
2.764240946008275171e-28
1.094281788913622372e-28
7.877320987597342405e-28
9.349782351110379209e-29
2.377378432413308989e-28
6.472197708676820250e-29
3.185511304637322909e-28
5.821764090163763471e-29
1.493310449448476539e-28
6.078421078977808834e-29
1.947053530042016506e-27
5.307812206375652928e-29
1.496348697839738340e-28
5.572588689432858408e-29
2.904478918065371381e-28
5.694384177876483981e-29
1.542899026817042424e-28
6.566479871922235521e-29
6.831470037414108654e-28
6.529230910641177847e-29
1.549691759670795046e-28
5.008068810699007624e-29
2.918874954824529241e-28
4.772071245534529651e-29
1.480739173684042804e-28
5.302888663972196180e-29
1.478919156092942293e-27
4.826049546051139270e-29
1.487659591277550787e-28
4.760304063401294685e-29
2.904904563423928970e-28
5.234087346988937025e-29
1.598845216373194164e-28
7.232332946588646852e-29
6.612533754172885849e-28
6.990645482531038590e-29
1.620787562675829897e-28
5.515372687552629900e-29
2.930985295802044407e-28
4.743687488232138858e-29
1.422008013408534243e-28
4.892664338895569968e-29
5.801652015078835178e-27
4.727131934725029425e-29
1.429779668406839389e-28
4.811420654660905801e-29
2.930947865095781058e-28
5.408765638395570972e-29
1.573343266087640165e-28
6.848832617034961960e-29
6.612533754172885849e-28
7.172334926047200564e-29
1.661322031496914424e-28
5.171757775706765897e-29
2.904716106236807397e-28
4.774288327137682546e-29
1.451291996928430888e-28
5.066570369419620392e-29
1.478919156092942293e-27
5.069077595001402030e-29
1.464890617903260308e-28
4.812323412746932742e-29
2.919268430978565034e-28
5.023765005272254491e-29
1.537433452609932476e-28
6.773055036448103552e-29
6.831470037414108654e-28
7.284912952962340133e-29
1.598490958795263515e-28
5.514257226285214987e-29
2.904633443798080396e-28
5.225619691899517988e-29
1.470735387108526514e-28
5.389822083022951172e-29
1.947053530042016506e-27
5.791152859796937907e-29
1.470713370583500824e-28
5.856857150472282440e-29
3.185470938962364239e-28
6.346923348358369984e-29
2.367660879729885713e-28
8.888544023565891686e-29
7.877320987597342405e-28
1.072346640894722941e-28
2.768577088659071048e-28
1.383936664956348836e-28
3.410114302496961090e-28
7.241229001432743796e-28
7.343410948385277904e-22
7.432914275103873594e-16
2.657262485356547791e-11
4.973911566738234911e-07
1.504137439179093708e-03
1.916288878646470240e+00
2.605363017747751808e+00
2.904492317451538383e+02
2.359098550841526503e+03
2.258671921259123792e+03
2.884280626542265509e+03
3.351382903326601991e+03
2.197412420128902340e+03
1.254628204610289458e+03
2.338228171107770592e+00
1.816013829848010569e-06
3.958460975731741235e-09
4.009233491345425208e-12
