1.971381014264030848e+06
3.937425467329920038e-12
3.918804347128523457e-09
1.807202584453828063e-06
2.318098703916248837e+00
1.249032589512800314e+03
2.169206423175527561e+03
3.357652035307773986e+03
2.897107472023164974e+03
2.250420490532139411e+03
2.336667620855371297e+03
2.887270608424795455e+02
2.577168464877364062e+00
1.870114698385721086e+00
1.444678968444745859e-03
4.725862240524875473e-07
2.524118742525237847e-11
7.073131216480537694e-16
7.028729209979647906e-22
6.911614416264667527e-28
3.474659349492416695e-28
1.426480699390582819e-28
2.750451166475407257e-28
1.103250715000123452e-28
7.910824379608666273e-28
9.263519013091792353e-29
2.360887540453065376e-28
6.432878694734679677e-29
3.175627924439310404e-28
5.793323586534910977e-29
1.489069353992463402e-28
6.071063263094866438e-29
1.963186505843872734e-27
5.254414439246497242e-29
1.508129771983930653e-28
5.629771556089479066e-29
2.890555007493659209e-28
5.714390158561352365e-29
1.552078494760140940e-28
6.444142551067439170e-29
6.860671235796573809e-28
6.550802030575242701e-29
1.528387202309210805e-28
4.971673163637555775e-29
2.935324521520842627e-28
4.687883006674027167e-29
1.458663255368059899e-28
5.202361531228465614e-29
1.501814872460599031e-27
4.781401551208475123e-29
1.487345275763725857e-28
4.758533633452343857e-29
2.919965331478199638e-28
5.215357038456199210e-29
1.579242837505650165e-28
7.155914685957415246e-29
6.631319757420234002e-28
6.948538072519765889e-29
1.619435918873298757e-28
5.442015696001040895e-29
2.928677870592725820e-28
4.738799818349885020e-29
1.412817023849064947e-28
4.897382664094560201e-29
5.678658149829723577e-27
4.752150543999198961e-29
1.423739799002567874e-28
4.816844818619450116e-29
2.928340774605591035e-28
5.345260102144068777e-29
1.565032102313280632e-28
6.879148506482478963e-29
6.631319757420234002e-28
7.041555922592999238e-29
1.633697716441345091e-28
5.103346791822216312e-29
2.920486662956208993e-28
4.761328005451566600e-29
1.446384278282451233e-28
5.060260329409334242e-29
1.501814872460599031e-27
4.946604888504575141e-29
1.441537644133037628e-28
4.764884878252246099e-29
2.935247104635501784e-28
4.951502871738341001e-29
1.517828568522360956e-28
6.763591802642133917e-29
6.860671235796573809e-28
7.172969570866757201e-29
1.610319752772070217e-28
5.595856819890943488e-29
2.890748850029300791e-28
5.230672874098129002e-29
1.485866234299888214e-28
5.350472148785183195e-29
1.963186505843872734e-27
5.787320407511237772e-29
1.466832006462777486e-28
5.808587852087444126e-29
3.175708804289029006e-28
6.317402446744088846e-29
2.353660886667010788e-28
8.815612884572427094e-29
7.910824379608666273e-28
1.082034036072247746e-28
2.751114073981914441e-28
1.385244413941820029e-28
3.474720193431810227e-28
6.919954110659896712e-28
7.028803177610746957e-22
7.073131253473637363e-16
2.524118742525237847e-11
4.725862240524531895e-07
1.444678968444750413e-03
1.870114698385721308e+00
2.577168464877364062e+00
2.887270608424795455e+02
2.336667620855371752e+03
2.250420490532139411e+03
2.897107472023164974e+03
3.357652035307773986e+03
2.169206423175527561e+03
1.249032589512800541e+03
2.318098703916248837e+00
1.807202584453996623e-06
3.918804347116754331e-09
3.937425467494722043e-12
