1.983236817533465335e+06
3.624616738297138460e-12
3.736963926512072405e-09
1.735831042871143867e-06
2.249663507062614087e+00
1.206580969159348342e+03
2.049392874824134196e+03
3.192523633876707208e+03
2.924693970001200341e+03
2.280020244799029570e+03
2.226718608360183680e+03
2.792586945119118695e+02
2.464570664728412019e+00
1.673601509677343557e+00
1.202017295446712554e-03
3.804677913982943724e-07
2.094982844015800688e-11
6.027486224881543011e-16
6.228760664077099795e-22
5.971275902600488643e-28
3.453327694139624079e-28
1.321967712447282200e-28
2.566126910775462225e-28
1.079445547776644132e-28
7.753812355319316076e-28
8.545794045799363781e-29
2.194766010317256949e-28
6.493836667594131263e-29
3.111250310676764255e-28
5.658443062235833280e-29
1.468696590537567273e-28
6.022861094045453814e-29
1.936211812120171519e-27
5.176796454099764339e-29
1.492228832529778714e-28
5.520482961161433292e-29
2.909172855856444711e-28
5.664862494591655747e-29
1.524542924933972525e-28
6.378475423309680888e-29
6.803751166256828696e-28
6.327705979081326158e-29
1.512510378696251045e-28
4.947552713227175900e-29
2.948259082667422866e-28
4.707652516619930740e-29
1.451762224773914542e-28
5.075593671547076144e-29
1.492177907673466252e-27
4.812665323746106545e-29
1.479983548857735865e-28
4.759055531872500322e-29
2.897451096296425000e-28
5.214504028569639303e-29
1.563283105374632818e-28
7.061566869105241960e-29
6.587905204935955031e-28
6.752401859188056327e-29
1.600054962737392459e-28
5.368530440613219705e-29
2.898502057174840142e-28
4.608295036803696568e-29
1.419813801841209618e-28
4.902995218792689614e-29
5.702733893172214586e-27
4.762113845794735589e-29
1.430277133587896028e-28
4.667574916140031682e-29
2.898441496946416071e-28
5.288410340432907048e-29
1.555344209587619601e-28
6.616385531547224430e-29
6.587905204935955031e-28
6.984124694519475574e-29
1.608529792148288903e-28
5.113394836472813431e-29
2.897460493800011732e-28
4.699874241725266941e-29
1.450123754303069132e-28
5.013680252690008123e-29
1.492177907673466252e-27
4.853267422642721995e-29
1.435901226707116946e-28
4.748875695547918307e-29
2.948201960510603015e-28
4.932923192356846025e-29
1.511999087766344753e-28
6.481517480781234916e-29
6.803751166256828696e-28
7.052655017579344527e-29
1.572793254087500673e-28
5.510644798653620281e-29
2.909256855709716135e-28
5.145397957674181385e-29
1.468517333855271813e-28
5.219063022088356959e-29
1.936211812120171519e-27
5.762793360083187498e-29
1.451087488101434807e-28
5.698778525415975933e-29
3.111246550477361343e-28
6.353652524172726299e-29
2.178104218087542022e-28
8.175765323140172704e-29
7.753812355319316076e-28
1.061615235997798982e-28
2.568281937542962199e-28
1.270184164806300698e-28
3.453238289145740225e-28
5.979873549876388337e-28
6.228860600197111741e-22
6.027486240018588658e-16
2.094982844015800688e-11
3.804677913981940519e-07
1.202017295446716674e-03
1.673601509677344223e+00
2.464570664728412019e+00
2.792586945119118695e+02
2.226718608360183680e+03
2.280020244799029570e+03
2.924693970001200341e+03
3.192523633876707208e+03
2.049392874824134196e+03
1.206580969159348342e+03
2.249663507062614087e+00
1.735831042871319838e-06
3.736963926497590954e-09
3.624616738508643454e-12
