1.985893668754694518e+06
3.551680380217390704e-12
3.700655911431178898e-09
1.716469329238963047e-06
2.242819796147992761e+00
1.193966301757073097e+03
2.031464792203272282e+03
3.137414225333900049e+03
2.919570218446519448e+03
2.293853146381493389e+03
2.205756054725743070e+03
2.773995364568984314e+02
2.443292096832223148e+00
1.639768081996372695e+00
1.162876840157163645e-03
3.669355309463137981e-07
2.040946408565171994e-11
5.904438945984481791e-16
6.133616072050550392e-22
5.831798629586023428e-28
3.453757957329229609e-28
1.303824696128809401e-28
2.544748866225626177e-28
1.085364966726425140e-28
7.780196545016918123e-28
8.504742934374973149e-29
2.152916654639800374e-28
6.565950049964758804e-29
3.174756104608349731e-28
5.635584354580280897e-29
1.473463787487244758e-28
6.013123496364880197e-29
1.929858342664419716e-27
5.148226595704683448e-29
1.484452606500376961e-28
5.449088996739211669e-29
2.893875345351138466e-28
5.596371184448548307e-29
1.530786199251805353e-28
6.324108115100839685e-29
6.823464082494374234e-28
6.308073567143102120e-29
1.517254480267216076e-28
4.928850211867403805e-29
2.890237697017244446e-28
4.668582845227213308e-29
1.457854417586174768e-28
5.119662274970833184e-29
1.505203885516775814e-27
4.798244017587145080e-29
1.469083217561607846e-28
4.732092644240035415e-29
2.899986675431115787e-28
5.234534815648800800e-29
1.568234581896802157e-28
7.109229607193554118e-29
6.566140331268614048e-28
6.737833197434620534e-29
1.596646067375608362e-28
5.342962979628306374e-29
2.898722044882040762e-28
4.681561502339766683e-29
1.416643840130096355e-28
4.941823520943232364e-29
5.755145900731208848e-27
4.787161821165859843e-29
1.430506616157126593e-28
4.778251639793325825e-29
2.898775785675834459e-28
5.236020729206147232e-29
1.543923485043217993e-28
6.597714816922100185e-29
6.566140331268614048e-28
6.967111415869685255e-29
1.607445723117310382e-28
5.134395150476077428e-29
2.899971800508419398e-28
4.754928107726227746e-29
1.437076438623038564e-28
5.028373004795389076e-29
1.505203885516775814e-27
4.870236914410686416e-29
1.446615917783599624e-28
4.747033216581253785e-29
2.890315596488003587e-28
4.936792914227412085e-29
1.508835606408157523e-28
6.476561324393727405e-29
6.823464082494374234e-28
7.111141236082430168e-29
1.581534152378362660e-28
5.445113485091648361e-29
2.893912220512798722e-28
5.089313426459397840e-29
1.462882643151990316e-28
5.182539379549866048e-29
1.929858342664419716e-27
5.765013515890630527e-29
1.454324438388461372e-28
5.671682413511194634e-29
3.174885080641947008e-28
6.444651768431377225e-29
2.133819438838245410e-28
8.098545035167094536e-29
7.780196545016918123e-28
1.064056181467888550e-28
2.547329309054654673e-28
1.246197355696661812e-28
3.453584264739002390e-28
5.840604652723311206e-28
6.133719665465923191e-22
5.904438946139971206e-16
2.040946408565171994e-11
3.669355309462048485e-07
1.162876840157168416e-03
1.639768081996372917e+00
2.443292096832222704e+00
2.773995364568984314e+02
2.205756054725743525e+03
2.293853146381493389e+03
2.919570218446519448e+03
3.137414225333900049e+03
2.031464792203272282e+03
1.193966301757073097e+03
2.242819796147992761e+00
1.716469329239106831e-06
3.700655911416348790e-09
3.551680380462048353e-12
