1.951518895264998544e+06
5.831557471531121974e-12
6.076831452493718392e-09
1.408252877562245205e-06
3.127404415130420556e+00
1.239408619018447780e+03
3.304368133009473695e+03
3.102015359228697889e+03
3.501853567029450915e+03
2.909422422978787381e+03
3.940628940770146983e+03
5.456718095173808933e+02
7.206823175933818604e+00
6.383121400396307266e+00
5.952039704823715999e-03
2.577297498585794758e-06
1.604482898020913329e-10
4.840884236135629872e-15
5.479027555615037512e-21
6.341971238944246660e-27
3.665118268228254541e-28
2.217069486441384057e-28
3.748422766138227779e-28
1.372358381224609106e-28
8.670015336081892003e-28
1.161118863567286585e-28
2.845122904926343347e-28
7.327193575138709207e-29
3.390871650572677649e-28
6.403375593995787052e-29
1.600592536316020445e-28
6.781353341037378817e-29
2.057166324344701476e-27
5.866118652006447928e-29
1.662092357118289484e-28
5.925505881029743626e-29
2.986574900403175498e-28
6.328963712179547830e-29
1.662010652347637692e-28
7.277722406664713917e-29
7.155788021067429142e-28
7.182686878580882529e-29
1.660468607781582974e-28
5.530105597873286951e-29
2.998445754476069562e-28
5.176612912022691969e-29
1.543072437360662276e-28
5.476484844897303929e-29
1.524329832852616915e-27
5.209788154478329592e-29
1.587733188590109689e-28
5.196205679116896030e-29
2.989289486182683832e-28
5.805558335618761209e-29
1.738179684018220880e-28
8.378403054433601688e-29
6.946535630398713255e-28
7.336628990084927649e-29
1.815750973647061241e-28
5.948659822744128438e-29
2.990333089712824764e-28
5.043256150524513924e-29
1.485936839660218449e-28
5.382706431871646570e-29
5.892060265364525352e-27
5.255903039511039626e-29
1.504498956122379532e-28
5.089240292552161527e-29
2.990259372542449295e-28
5.848921070028763849e-29
1.729818050304964679e-28
7.401433116947994166e-29
6.946535630398713255e-28
8.316725002802506270e-29
1.830675906301622953e-28
5.735351310798830054e-29
2.989424546995191948e-28
5.140384868248682451e-29
1.529259039861698785e-28
5.429086198278759699e-29
1.524329832852616915e-27
5.265318488190687778e-29
1.522064582784236128e-28
5.255127648206137657e-29
2.998567727151445416e-28
5.544714386032152639e-29
1.638386145968107680e-28
7.480500920216108964e-29
7.155788021067429142e-28
8.137483823639481133e-29
1.745668085050685404e-28
6.071341993188358317e-29
2.986873233407016480e-28
5.546512413178194690e-29
1.622949342993933638e-28
5.972413606174857840e-29
2.057166324344701476e-27
6.507652507886969356e-29
1.570633869570468572e-28
6.436879577591992392e-29
3.391147610958300345e-28
7.227609203644470890e-29
2.811374298360285213e-28
1.120323556091091633e-28
8.670015336081892003e-28
1.406778087699703065e-28
3.755798185403550234e-28
2.163708840717053872e-28
3.665132435700563082e-28
6.337317603611676431e-27
5.479048677612585736e-21
4.840884269338259202e-15
1.604482898020913329e-10
2.577297498586249615e-06
5.952039704823731611e-03
6.383121400396310818e+00
7.206823175933820380e+00
5.456718095173810070e+02
3.940628940770146983e+03
2.909422422978787381e+03
3.501853567029450915e+03
3.102015359228697889e+03
3.304368133009473695e+03
1.239408619018447780e+03
3.127404415130420556e+00
1.408252877562123021e-06
6.076831452501799947e-09
5.831557471430603373e-12
