1.994165563793038717e+06
3.305090186768724793e-12
3.604647517343417306e-09
1.652812355365942699e-06
2.252307328608749604e+00
1.148789502342895730e+03
1.996308683636547357e+03
3.009370920246723927e+03
2.849122442265261270e+03
2.337635158742018575e+03
2.169160186026837891e+03
2.710588476361500057e+02
2.364536597142619989e+00
1.535389038890092372e+00
1.050839684650293083e-03
3.274065040935725921e-07
1.867672446956484557e-11
5.457113973821750365e-16
5.690209797259403952e-22
5.210751047606211698e-28
3.399077047265094763e-28
1.205509500717746318e-28
2.483456065382710748e-28
1.051281432555286252e-28
7.663980295932677411e-28
8.562884170873987379e-29
2.041675116758057940e-28
6.578351322517899635e-29
3.112887716538239950e-28
5.568219261125976298e-29
1.466364032406468479e-28
5.946106208095634439e-29
1.942462567331465925e-27
5.111515494586871141e-29
1.474217125836285755e-28
5.383496810751489400e-29
2.889179324086509595e-28
5.502139812840074596e-29
1.506083549281298874e-28
6.239438296005877922e-29
6.743314225236918535e-28
6.230847886457602040e-29
1.512145186044863700e-28
4.957083056736999673e-29
2.916026206758445069e-28
4.643315985704518904e-29
1.442155093241076505e-28
5.009286889865163238e-29
1.486296153510459784e-27
4.725873047664753642e-29
1.477007846876415643e-28
4.710366091489291485e-29
2.906421263308024260e-28
5.056111333215827155e-29
1.561643193869582769e-28
7.158506409382071621e-29
6.519470192707807748e-28
6.519969300142995536e-29
1.567328390261503058e-28
5.279227731750512313e-29
2.910301412307963123e-28
4.577821731356117768e-29
1.391863508862786434e-28
4.938280191481746186e-29
5.628944054491428929e-27
4.781722597224617186e-29
1.399456687622621879e-28
4.649564704481591170e-29
2.910391549634705122e-28
5.145811976480305557e-29
1.521851232562784179e-28
6.424825275185351859e-29
6.519470192707807748e-28
7.000423786093389638e-29
1.603625124698700636e-28
4.941942761160118713e-29
2.906793942470221836e-28
4.690547934875257894e-29
1.445614640060869925e-28
4.985765682273123936e-29
1.486296153510459784e-27
4.814514851916214181e-29
1.429045584886270146e-28
4.709554131442845119e-29
2.916038180863241692e-28
4.927136572317875187e-29
1.500485696282877980e-28
6.406313509884431522e-29
6.743314225236918535e-28
6.908552992246448244e-29
1.556663857107945247e-28
5.365437411413369476e-29
2.889368032567217105e-28
5.066679155068521482e-29
1.454694174781512411e-28
5.198338674182764240e-29
1.942462567331465925e-27
5.755913868020759308e-29
1.447864295420425381e-28
5.592352411191757987e-29
3.112882682971125009e-28
6.460425958847284413e-29
2.020013165791248115e-28
8.125246224949733912e-29
7.663980295932677411e-28
1.042096380562506373e-28
2.487217073754300785e-28
1.141600679640507332e-28
3.398720958642798265e-28
5.208836722683053844e-28
5.690318078149301256e-22
5.457113966483094707e-16
1.867672446956484557e-11
3.274065040934361669e-07
1.050839684650296552e-03
1.535389038890092595e+00
2.364536597142619989e+00
2.710588476361501193e+02
2.169160186026836982e+03
2.337635158742018575e+03
2.849122442265261270e+03
3.009370920246723927e+03
1.996308683636547357e+03
1.148789502342895730e+03
2.252307328608749604e+00
1.652812355366112317e-06
3.604647517326699159e-09
3.305090187009557136e-12
