1.997019973535523051e+06
3.223053933489634454e-12
3.576558293869217486e-09
1.631041368669511000e-06
2.263401736422384847e+00
1.131342291369081522e+03
1.987742708631201140e+03
2.981051212155847679e+03
2.812279196563738424e+03
2.344085756732997652e+03
2.166271575623845820e+03
2.683135847056468606e+02
2.324656546535475599e+00
1.491711453786477737e+00
1.009325374978975757e-03
3.126603841806126353e-07
1.793772271367936243e-11
5.249215735180133338e-16
5.467612912999258519e-22
4.939540951789238288e-28
3.435410375618915304e-28
1.173023741994564107e-28
2.416693127463193156e-28
1.065047580437439206e-28
7.716687777035486798e-28
8.607971331400288986e-29
2.060406374919762926e-28
6.490732424291456279e-29
3.107298180933737678e-28
5.526223138630013332e-29
1.470253946664332415e-28
5.900626270188378893e-29
1.968898613711441269e-27
5.060580358712241583e-29
1.476496094168330267e-28
5.349311014729320741e-29
2.898891260880206987e-28
5.637440138144696352e-29
1.517421045824890344e-28
6.204612045154532027e-29
6.730114949971520914e-28
6.153208752327807079e-29
1.499006739811939819e-28
4.884091295387164157e-29
2.920254232310371583e-28
4.623311202636316453e-29
1.454716078753298842e-28
5.042925502180262704e-29
1.478834597200944179e-27
4.735700081186356078e-29
1.467624750302082006e-28
4.693173119381970360e-29
2.900972609480298982e-28
5.073488265001313330e-29
1.554776535039602069e-28
7.024822238257251656e-29
6.525739211757960904e-28
6.393700370589214901e-29
1.596872722527823322e-28
5.263234085040032625e-29
2.866854505690630449e-28
4.590043567006928037e-29
1.400797205594886085e-28
4.859870121314442922e-29
5.768098262475581404e-27
4.705760529884342077e-29
1.412718870896625975e-28
4.687223260925707088e-29
2.866811833215754466e-28
5.176849588636120688e-29
1.550172092283154376e-28
6.360354641232003894e-29
6.525739211757960904e-28
6.869063371248165409e-29
1.603303301966122046e-28
4.994739066030424243e-29
2.900724967424698352e-28
4.694472776952589780e-29
1.430201582686983936e-28
4.960130343904593522e-29
1.478834597200944179e-27
4.822134750216976862e-29
1.441214480098581737e-28
4.692931546151959869e-29
2.920146653193095804e-28
4.844570884993664936e-29
1.484811249885173671e-28
6.394514199895449063e-29
6.730114949971520914e-28
6.966768368692014974e-29
1.565609044905295349e-28
5.396851783212234725e-29
2.899203724426334097e-28
5.034964901772903464e-29
1.452605937430104827e-28
5.125860335029540652e-29
1.968898613711441269e-27
5.665840981339256126e-29
1.450001174962507000e-28
5.566236604392165077e-29
3.107324389556847210e-28
6.405943210422501698e-29
2.042866442020327674e-28
8.235031489933054556e-29
7.716687777035486798e-28
1.055790353437130608e-28
2.421194271952659987e-28
1.114009112883115189e-28
3.435340040406642068e-28
4.932253231131237657e-28
5.467720522531324187e-22
5.249215719579951398e-16
1.793772271367936243e-11
3.126603841805109914e-07
1.009325374978978576e-03
1.491711453786478403e+00
2.324656546535475599e+00
2.683135847056468037e+02
2.166271575623845820e+03
2.344085756732997652e+03
2.812279196563738424e+03
2.981051212155847679e+03
1.987742708631201140e+03
1.131342291369081522e+03
2.263401736422384847e+00
1.631041368669626831e-06
3.576558293851958776e-09
3.223053933708372028e-12
