1.999936157898631645e+06
3.144047321749104450e-12
3.548052135364457912e-09
1.609139103778911431e-06
2.275159280921711602e+00
1.112325526892693915e+03
1.982826374385511372e+03
2.962345037259602577e+03
2.771973903501015229e+03
2.347927759830964987e+03
2.164294361488505274e+03
2.653067075379742050e+02
2.281468477402014194e+00
1.445971858526104770e+00
9.668405640367639699e-04
2.972865677964657401e-07
1.713038839736328865e-11
5.019072489133544637e-16
5.220492949537783937e-22
4.707787776214643913e-28
3.381985729007240151e-28
1.181745542974191264e-28
2.426874911538708753e-28
1.049418904420851454e-28
7.576267153446560684e-28
8.393381827378281557e-29
2.035706198139658112e-28
6.421830511831296971e-29
3.107027961107721413e-28
5.524797105723100859e-29
1.448019031451931510e-28
5.775710868109075382e-29
1.944263907599880581e-27
5.039650865163370027e-29
1.485771133654785568e-28
5.368285337806338608e-29
2.894465722171591421e-28
5.606207968722016395e-29
1.515750808579923336e-28
6.170633195227772506e-29
6.742350088397423293e-28
6.171089185235125266e-29
1.505205606757832661e-28
4.882026955910004744e-29
2.911833438743220145e-28
4.610716942590105387e-29
1.436428617925277222e-28
4.988267147293258694e-29
1.495219874364347855e-27
4.723018283825295388e-29
1.453038794830197718e-28
4.728720517386519218e-29
2.879009109977718563e-28
5.115931023088386780e-29
1.538986586632410440e-28
7.072454097351194138e-29
6.580530117610169308e-28
6.508897356217278925e-29
1.565200250565936874e-28
5.272408053891739653e-29
2.882211857017632550e-28
4.564493470623955251e-29
1.408132347345554268e-28
4.917880303199107087e-29
5.731337377249503147e-27
4.747677566726001270e-29
1.424015624997067390e-28
4.659659695452393274e-29
2.881904184316771321e-28
5.214912698917887373e-29
1.522496223138294532e-28
6.457811594000897284e-29
6.580530117610169308e-28
6.966783294043344576e-29
1.576057282045818680e-28
5.002652294104759065e-29
2.879480136694131704e-28
4.690402051787442880e-29
1.414844026449792766e-28
4.946876078088113070e-29
1.495219874364347855e-27
4.794913639694834509e-29
1.423369742764581318e-28
4.673651241954296553e-29
2.911728028348969513e-28
4.867920493987048905e-29
1.494102543544270875e-28
6.420229058846531774e-29
6.742350088397423293e-28
6.814346355540838287e-29
1.559440828845265281e-28
5.410616149935055047e-29
2.894663184149583086e-28
4.994623556539680534e-29
1.465036271122318612e-28
5.118087052009164415e-29
1.944263907599880581e-27
5.524050574409885060e-29
1.432853531107587912e-28
5.537932473533928580e-29
3.106855773736935570e-28
6.300045266151549533e-29
2.016435624372859919e-28
8.002737260909388218e-29
7.576267153446560684e-28
1.039179581446687101e-28
2.432499630344699811e-28
1.117141477082102253e-28
3.382079837635784469e-28
4.702728310147319209e-28
5.220598175063661390e-22
5.019072482251161196e-16
1.713038839736328865e-11
2.972865677963276738e-07
9.668405640367671141e-04
1.445971858526104770e+00
2.281468477402014194e+00
2.653067075379742050e+02
2.164294361488505729e+03
2.347927759830964987e+03
2.771973903501015229e+03
2.962345037259603032e+03
1.982826374385511372e+03
1.112325526892693688e+03
2.275159280921711602e+00
1.609139103779008416e-06
3.548052135346687590e-09
3.144047321983538664e-12
