2.005947677688219585e+06
2.999843359743564185e-12
3.485009234330540963e-09
1.564398943506641835e-06
2.292099521744434210e+00
1.069072366513707493e+03
1.964956504756919230e+03
2.941759888510792734e+03
2.688010012963595273e+03
2.352868835512118949e+03
2.156934829783653640e+03
2.575581983758730189e+02
2.188428053312574395e+00
1.351775900332337077e+00
8.814791662849931616e-04
2.663982915805880906e-07
1.544379114881651440e-11
4.531468762933167938e-16
4.701639594967706013e-22
4.131106843290280398e-28
3.368379307547842778e-28
1.152571845205814127e-28
2.418101867546249213e-28
1.011165403949226237e-28
7.480454282406969361e-28
8.305085587395697233e-29
2.026926891699629368e-28
6.338240848736934335e-29
3.099289825289773938e-28
5.498605719509866379e-29
1.455981351524966767e-28
5.696901528258224764e-29
1.911168150400779713e-27
4.946479600417140664e-29
1.478907741490111183e-28
5.267578017573389531e-29
2.887764925690122900e-28
5.581845106426395743e-29
1.511500705452408566e-28
6.061522890038024894e-29
6.742692597951286241e-28
5.962308238573296768e-29
1.509120400971216495e-28
4.852916517181617017e-29
2.887933866983015132e-28
4.597927643217235448e-29
1.452568165357742846e-28
4.924994406498468617e-29
1.480416575396440019e-27
4.692624119601965511e-29
1.469960982652393008e-28
4.610326526106418278e-29
2.880733840831418658e-28
5.007400460405999498e-29
1.548603074417489713e-28
6.905812533592590042e-29
6.451333377016418266e-28
6.434211111141955512e-29
1.573860908455233586e-28
5.228662005141814721e-29
2.866982526022537031e-28
4.547788509718788016e-29
1.405132981969684577e-28
4.846468727878293681e-29
5.672174014188424216e-27
4.694021119098255448e-29
1.414998460770485642e-28
4.635786823477125571e-29
2.866837886609650392e-28
5.152445463324534291e-29
1.525972237403431850e-28
6.413351632551291626e-29
6.451333377016418266e-28
6.789698340115230796e-29
1.595171450618986177e-28
4.938932653120994286e-29
2.880701720681351332e-28
4.588112799534069685e-29
1.433242653387176882e-28
4.904463172955915042e-29
1.480416575396440019e-27
4.712877781271066832e-29
1.440170335683931897e-28
4.671534017794753176e-29
2.887711387374286321e-28
4.844305112453342359e-29
1.496730220802121032e-28
6.305287068173193509e-29
6.742692597951286241e-28
6.771657481153413062e-29
1.552735049395965385e-28
5.372733807763385670e-29
2.887737164081553838e-28
4.899837201712712605e-29
1.456846306112692200e-28
5.030381618327927617e-29
1.911168150400779713e-27
5.459782812612657828e-29
1.437142993006615297e-28
5.519305012418819935e-29
3.098996513775668975e-28
6.268497818162695775e-29
2.010924097036338065e-28
7.880268167845708747e-29
7.480454282406969361e-28
9.956039143189462723e-29
2.419750634735390618e-28
1.092382266691775225e-28
3.368045545069009989e-28
4.121211696599827215e-28
4.701743309389776316e-22
4.531468743588907188e-16
1.544379114881651440e-11
2.663982915804715177e-07
8.814791662849941374e-04
1.351775900332338187e+00
2.188428053312574395e+00
2.575581983758730757e+02
2.156934829783653640e+03
2.352868835512119858e+03
2.688010012963595273e+03
2.941759888510792734e+03
1.964956504756919230e+03
1.069072366513707493e+03
2.292099521744434210e+00
1.564398943506693081e-06
3.485009234310344935e-09
2.999843359981039742e-12
