2.012316601513471454e+06
2.869916861507123720e-12
3.408322358807831154e-09
1.518257101561250023e-06
2.304731939720654044e+00
1.019511227094415403e+03
1.929614844731872608e+03
2.944284564800605040e+03
2.605722021204618159e+03
2.344875517268645581e+03
2.131997445575595520e+03
2.477772627440659789e+02
2.095448923820736997e+00
1.264360883826108228e+00
8.044424518599365597e-04
2.384356541973429741e-07
1.389078665003334906e-11
4.080891957856225206e-16
4.219646435773758124e-22
3.643647640899658883e-28
3.343332575010856835e-28
1.129788412739735933e-28
2.405990672711444056e-28
9.611449286356830630e-29
7.473919592121297565e-28
8.120075582423295036e-29
1.995148543488822746e-28
6.103377246839608359e-29
3.062526121205065157e-28
5.384157981551996843e-29
1.457510656548488453e-28
5.525888279901876883e-29
1.948007322276886284e-27
4.878423782801661960e-29
1.468740889852398918e-28
5.265372880737867319e-29
2.881515525521783560e-28
5.502536061871526569e-29
1.503493863593549739e-28
6.109245895848558215e-29
6.718111601318283199e-28
5.970342004683314680e-29
1.503006177290878266e-28
4.772960905098493785e-29
2.884842777683739520e-28
4.548058815230829142e-29
1.429166740494536009e-28
4.999137894375147609e-29
1.476199828144655447e-27
4.699029241468334198e-29
1.458248162795787250e-28
4.614616752665784732e-29
2.895645265577422235e-28
5.078808463423563470e-29
1.545200946302027948e-28
6.952947307981922276e-29
6.486717467469026664e-28
6.413673943896250564e-29
1.553081334479928804e-28
5.179976967083350573e-29
2.900086484676066788e-28
4.537869982211444380e-29
1.401390562722046206e-28
4.855589675577091976e-29
5.665065826136850199e-27
4.694017128505040614e-29
1.416144147979038586e-28
4.615589755886912729e-29
2.900049012681465681e-28
5.109584138135152080e-29
1.510834198967772378e-28
6.274159149856383690e-29
6.486717467469026664e-28
6.793471457320734275e-29
1.585325262791158443e-28
4.955010636858219898e-29
2.895942402810848704e-28
4.630219814707330962e-29
1.418914807951128718e-28
4.918401009537149217e-29
1.476199828144655447e-27
4.778513662203182784e-29
1.419171827713921786e-28
4.594841280225334844e-29
2.884803143458522766e-28
4.757888863559060317e-29
1.494795182522058386e-28
6.275569485428139485e-29
6.718111601318283199e-28
6.779305271765714550e-29
1.550782426278800935e-28
5.322816831664070305e-29
2.881618592375194425e-28
4.931727425444521296e-29
1.448491836226653331e-28
5.054420471732535354e-29
1.948007322276886284e-27
5.308501545734308660e-29
1.438086013578366669e-28
5.419519665593318011e-29
3.062271053247803137e-28
6.019193421328431147e-29
1.980597265541258630e-28
7.769573414840275444e-29
7.473919592121297565e-28
9.516908605186176705e-29
2.402014189464772418e-28
1.073479512824841878e-28
3.343461285963222639e-28
3.643898484912093436e-28
4.219754887035355744e-22
4.080891931098310313e-16
1.389078665003334906e-11
2.384356541972258189e-07
8.044424518599379691e-04
1.264360883826108450e+00
2.095448923820736997e+00
2.477772627440660074e+02
2.131997445575595520e+03
2.344875517268646036e+03
2.605722021204618159e+03
2.944284564800605040e+03
1.929614844731873063e+03
1.019511227094415403e+03
2.304731939720654044e+00
1.518257101561270987e-06
3.408322358787773265e-09
2.869916861751564881e-12
