1.954559426252868259e+06
6.109068888479535834e-12
6.746321967826074444e-09
1.369060660787735946e-06
3.475146500932776661e+00
1.260083429541401529e+03
3.246681920644967704e+03
3.032175484804867665e+03
3.658636889729409631e+03
2.948434175803818107e+03
3.950344943437798975e+03
5.497818028415292702e+02
7.426306529825486891e+00
6.460186222751778118e+00
5.860616431396794071e-03
2.552403756118699364e-06
1.603256578299337773e-10
4.840510341412919476e-15
5.600884766541195699e-21
6.722976622812689608e-27
3.686387701484263529e-28
2.343465236720827768e-28
3.649161569369132721e-28
1.301994009566706536e-28
8.788465315780468518e-28
1.217461213918589112e-28
2.847507796825260443e-28
7.347187274044349511e-29
3.404154019219565144e-28
6.407349186814090662e-29
1.613386873370483079e-28
6.832183206571521964e-29
2.000054191060630626e-27
5.895390374891621343e-29
1.633199774860380045e-28
5.984437401214640524e-29
2.998560204527716633e-28
6.486218332168862865e-29
1.689312158464704856e-28
7.419854995635060133e-29
7.143170856494110787e-28
7.278826703101465843e-29
1.681205129719065348e-28
5.505047295669002536e-29
3.018215993529689166e-28
5.178064854344275619e-29
1.550720316336976154e-28
5.562212745085125527e-29
1.523693523118474445e-27
5.305408156180896097e-29
1.595922629631428943e-28
5.233065348861181559e-29
3.016996987274013855e-28
5.847650105676452989e-29
1.760763011286561151e-28
8.650101606091004489e-29
6.913587383878014324e-28
7.373093881365465694e-29
1.798019001304638578e-28
5.968543543958658375e-29
2.975806473335125194e-28
5.103938081420869223e-29
1.497364380354718486e-28
5.389633323586964820e-29
6.020616765456758053e-27
5.227698312141076296e-29
1.521849181357291368e-28
5.153708999702784180e-29
2.975691903080964434e-28
5.828613213955626217e-29
1.718586693212953104e-28
7.367951761769977660e-29
6.913587383878014324e-28
8.297930276261787733e-29
1.829145792756512885e-28
5.782813576986016254e-29
3.017150969428095695e-28
5.220864106245520975e-29
1.537797198351654124e-28
5.550652957743452493e-29
1.523693523118474445e-27
5.317892492115123945e-29
1.527703834800430914e-28
5.282454401251412722e-29
3.018489273707239536e-28
5.474120668316075879e-29
1.672982553162881384e-28
7.473146098638742706e-29
7.143170856494110787e-28
8.246515862385498426e-29
1.764012188974765009e-28
6.213284994138210780e-29
2.999091851173384384e-28
5.658620781802024554e-29
1.596078757136783760e-28
6.019641561829271158e-29
2.000054191060630626e-27
6.533918200035400082e-29
1.577565970989533746e-28
6.447597060051326218e-29
3.404214050257720686e-28
7.298746330383372523e-29
2.828680157476767062e-28
1.171256778913372258e-28
8.788465315780468518e-28
1.321232310854453338e-28
3.674779045184718549e-28
2.294268350128745241e-28
3.686506271798762895e-28
6.686789010432777333e-27
5.600917569344400467e-21
4.840510393311624836e-15
1.603256578299337773e-10
2.552403756118925098e-06
5.860616431396813153e-03
6.460186222751779894e+00
7.426306529825486891e+00
5.497818028415294975e+02
3.950344943437798975e+03
2.948434175803818107e+03
3.658636889729409631e+03
3.032175484804867665e+03
3.246681920644967704e+03
1.260083429541401529e+03
3.475146500932775773e+00
1.369060660787539858e-06
6.746321967835181702e-09
6.109068888348113475e-12
