1.951135987145940540e+06
4.373223663299391215e-12
4.671184905992447396e-09
1.730646345076459419e-06
2.631795716663666518e+00
1.274875194793112314e+03
2.655661174841995944e+03
3.133695401485081220e+03
3.298474080816125479e+03
2.605304982019485578e+03
3.318348550012854503e+03
4.102382097541535586e+02
4.374489526864006272e+00
3.852236607150277159e+00
3.544427838853412682e-03
1.364834107885431487e-06
7.910550543643699137e-11
2.301734226734976558e-15
2.289131558421057634e-21
2.395982291827855552e-27
3.435795424570494097e-28
1.869414249132309894e-28
2.953838581130544555e-28
1.214070616305665753e-28
7.777708035129819079e-28
1.007220951667833264e-28
2.617241718594319638e-28
6.740994549758475622e-29
3.293478998491406100e-28
6.206838498381727166e-29
1.551855736401141021e-28
6.243152926434350473e-29
1.983498030639839341e-27
5.628552701099750249e-29
1.561105391179204502e-28
5.726271006027361368e-29
2.962725585416514710e-28
6.081774690624960326e-29
1.615377275432726705e-28
6.808554748042342674e-29
7.102596006736756501e-28
6.601376444941963634e-29
1.604460104452631769e-28
5.265984160588805806e-29
2.997479771927981465e-28
4.949861433468505207e-29
1.497188517017649444e-28
5.416704545788882665e-29
1.502438996792854128e-27
5.058783345848833302e-29
1.535304670041301183e-28
4.998843863448841072e-29
2.979561475819838015e-28
5.498807478455874446e-29
1.677467509667409542e-28
7.745703899627703161e-29
6.782550315808578562e-28
7.057472351957443178e-29
1.708009054546176286e-28
5.752946885467882124e-29
2.932908707606133188e-28
4.871555178995014052e-29
1.444025033813477317e-28
5.136312097592557272e-29
5.740386877775612612e-27
4.997107428606314421e-29
1.458769248555329074e-28
4.915129172751691368e-29
2.932448331472628176e-28
5.649479036303210117e-29
1.646654918323631922e-28
6.978247703325764903e-29
6.782550315808578562e-28
7.523253760670247467e-29
1.753169846952674801e-28
5.496124228021094459e-29
2.979653578033162946e-28
4.936403825027426103e-29
1.488743293230832705e-28
5.327411441531669089e-29
1.502438996792854128e-27
5.217566464022085523e-29
1.483015298296709312e-28
5.001298758066231242e-29
2.997323386348985666e-28
5.250931286712524159e-29
1.598601454470639079e-28
7.026306435428782984e-29
7.102596006736756501e-28
7.547975730867082005e-29
1.678048263613797322e-28
5.880544771657017829e-29
2.963028028956053667e-28
5.301251281613320749e-29
1.527490260574885356e-28
5.682748370570803793e-29
1.983498030639839341e-27
5.968834300308567356e-29
1.520566269277321275e-28
6.224446807016377556e-29
3.294066081606143568e-28
6.654208952974838960e-29
2.594140320716375870e-28
9.665577928574574115e-29
7.777708035129819079e-28
1.232413528194831575e-28
2.942442463130273192e-28
1.824387912316154950e-28
3.435388230140366788e-28
2.402889278688365889e-27
2.289131730636428681e-21
2.301734236346248385e-15
7.910550543643699137e-11
1.364834107885476380e-06
3.544427838853417452e-03
3.852236607150279379e+00
4.374489526864006272e+00
4.102382097541535586e+02
3.318348550012854503e+03
2.605304982019486033e+03
3.298474080816125479e+03
3.133695401485081220e+03
2.655661174841995944e+03
1.274875194793112314e+03
2.631795716663666962e+00
1.730646345076432950e-06
4.671184906001309809e-09
4.373223663108856138e-12
