1.958808091483034892e+06
4.218532459391901975e-12
4.222413050628494974e-09
1.818600636502700101e-06
2.507455299254775838e+00
1.270137092721949784e+03
2.323974446513907878e+03
3.208490108133546073e+03
2.922568943748108723e+03
2.409162122381364952e+03
2.721275416886962375e+03
3.211830944081711436e+02
2.979387419252285785e+00
2.394096842667889469e+00
2.058329906092230561e-03
7.354031167481463586e-07
4.080749661450482045e-11
1.164076416453731640e-15
1.144987056391906255e-21
1.120730741066154499e-27
3.451628082786393274e-28
1.611351802954157920e-28
2.859111105970948975e-28
1.082145983270546953e-28
8.031041413420129405e-28
1.000901726185272133e-28
2.541547287319836772e-28
6.525377252927023861e-29
3.294882300296442731e-28
6.091274947835371145e-29
1.495995857335658976e-28
6.140436409492843547e-29
1.987938009563071198e-27
5.495603007988938723e-29
1.526120703010810887e-28
5.664415574722942943e-29
2.923902623763417325e-28
5.882334719939754144e-29
1.585007220299619312e-28
6.689122947605566672e-29
6.971836297142242355e-28
6.737237091620232730e-29
1.568791990961129032e-28
5.146084142240507369e-29
2.920075962807390044e-28
4.854911706782940595e-29
1.501447450048910793e-28
5.182350439063812128e-29
1.509059173927288521e-27
4.939005969384094778e-29
1.501140885256792974e-28
4.882128857853161547e-29
2.984752966750982247e-28
5.339950078665196312e-29
1.642002114456757925e-28
7.390949219146884820e-29
6.710133922834651082e-28
6.906109932493971238e-29
1.657430721904149882e-28
5.558231410038276954e-29
2.934392889728487145e-28
4.777868755112559076e-29
1.445647353494165332e-28
5.018041407427604434e-29
5.771319201919640375e-27
4.897307566541329767e-29
1.460575750642552125e-28
4.859723078659380500e-29
2.934032745438390992e-28
5.460370480147353642e-29
1.606333749924646000e-28
6.908950450050138993e-29
6.710133922834651082e-28
7.273282423866070757e-29
1.713655262769844139e-28
5.259111220053859067e-29
2.984984334733951711e-28
4.820231114340053468e-29
1.465031341110127484e-28
5.158097215244334691e-29
1.509059173927288521e-27
4.958440085635424960e-29
1.490336123905945771e-28
4.911399847713442544e-29
2.920076893062825695e-28
5.123913307374217685e-29
1.553466496409740726e-28
6.944320809306143693e-29
6.971836297142242355e-28
7.459703044132756829e-29
1.634985667387133552e-28
5.646041063649407199e-29
2.924109601604437819e-28
5.314758042638152849e-29
1.502437781601455511e-28
5.559285695134259942e-29
1.987938009563071198e-27
5.818353275845922344e-29
1.473255578818195845e-28
6.084220844573947839e-29
3.295011679161484429e-28
6.414182628934281152e-29
2.526322807079526664e-28
9.628506951508684575e-29
8.031041413420129405e-28
1.072570900750828984e-28
2.862300331024730414e-28
1.573876468980476386e-28
3.451658411950916196e-28
1.117955286459089700e-27
1.144991727303708397e-21
1.164076423691392001e-15
4.080749661450482045e-11
7.354031167480626082e-07
2.058329906092236632e-03
2.394096842667889913e+00
2.979387419252285785e+00
3.211830944081711436e+02
2.721275416886962830e+03
2.409162122381364952e+03
2.922568943748108723e+03
3.208490108133546073e+03
2.323974446513907878e+03
1.270137092721949784e+03
2.507455299254775394e+00
1.818600636502709630e-06
4.222413050623704771e-09
4.218532459284110809e-12
