1.960280712842067936e+06
4.212197128355673150e-12
4.179213467633793232e-09
1.823921388802026377e-06
2.486358578486506321e+00
1.269121438241501664e+03
2.305565852395229740e+03
3.241190796585536191e+03
2.900892112341184202e+03
2.391018034617377907e+03
2.639380361354428260e+03
3.129723269649129520e+02
2.880796249612707083e+00
2.276759873771910581e+00
1.930415206388616045e-03
6.813613335767970110e-07
3.751021283443505873e-11
1.065056584567177480e-15
1.046544128418959008e-21
1.015916950211940400e-27
3.397202798067519339e-28
1.600873828996141661e-28
2.799832649017183933e-28
1.074251974908936496e-28
7.933068547140308448e-28
9.999222003170942261e-29
2.489320005157180093e-28
6.550396632073485653e-29
3.262811574740739597e-28
5.963679062947259359e-29
1.511393062984856263e-28
6.219526582367643411e-29
1.953701539208762756e-27
5.447076131770903002e-29
1.531501394491862214e-28
5.644319493870318398e-29
2.927975826223551934e-28
5.914041162761917715e-29
1.577359578526868719e-28
6.680801013353219219e-29
6.921519712604009345e-28
6.665936481754095052e-29
1.562626299573006059e-28
5.076415754205121488e-29
2.984928403473679199e-28
4.761509632630564608e-29
1.497003752942235207e-28
5.257014117769330636e-29
1.504406976231108044e-27
4.947236968639872762e-29
1.502290039593037017e-28
4.924479106335104808e-29
2.943581512655296853e-28
5.310523671002417246e-29
1.624000048192960749e-28
7.259254878967758940e-29
6.653253316933967590e-28
7.010615063428054662e-29
1.669043520792267019e-28
5.520744705140943205e-29
2.948858423166524692e-28
4.715176165437752759e-29
1.428810571410221807e-28
4.962525751609730199e-29
5.825200469454152176e-27
4.815993854995982261e-29
1.446774183082526834e-28
4.773310400721698948e-29
2.948622319182948084e-28
5.402290184105678459e-29
1.605776796220661329e-28
7.006641238527667967e-29
6.653253316933967590e-28
7.229005439682262649e-29
1.678695700049762983e-28
5.242986279326106228e-29
2.943741229285339094e-28
4.907758584708022869e-29
1.465323204192447211e-28
5.144775356341735112e-29
1.504406976231108044e-27
5.014601954187532714e-29
1.483750243595972671e-28
4.825107579934483598e-29
2.985197153458009090e-28
5.063334485765212076e-29
1.540321374052218111e-28
6.858952143679238376e-29
6.921519712604009345e-28
7.444074645733704048e-29
1.623870622814772258e-28
5.698414325139864301e-29
2.927982098349579777e-28
5.281750535948274366e-29
1.502431788771873798e-28
5.521831838985764113e-29
1.953701539208762756e-27
5.921459172336305160e-29
1.487772284250302459e-28
5.965955480570346004e-29
3.263170778576426120e-28
6.406222186811319185e-29
2.479836037037181326e-28
9.600205308342488462e-29
7.933068547140308448e-28
1.061713922519787718e-28
2.807740244340510134e-28
1.565653512743161607e-28
3.397469822355833810e-28
1.012995441287124166e-27
1.046549466712412615e-21
1.065056592779225420e-15
3.751021283443505873e-11
6.813613335767540240e-07
1.930415206388617780e-03
2.276759873771911025e+00
2.880796249612707083e+00
3.129723269649129520e+02
2.639380361354428260e+03
2.391018034617377907e+03
2.900892112341184202e+03
3.241190796585536191e+03
2.305565852395229285e+03
1.269121438241501664e+03
2.486358578486506321e+00
1.823921388802032941e-06
4.179213467628239542e-09
4.212197128337978432e-12
