1.961855259716948029e+06
4.201073793025390147e-12
4.139325866096169925e-09
1.828174591889785211e-06
2.460192469218083655e+00
1.267628877345254068e+03
2.288558490990664268e+03
3.272168080108339836e+03
2.891056045509609703e+03
2.365976578642280401e+03
2.562273947783846779e+03
3.071057414420274085e+02
2.800527943250297191e+00
2.178169476320270359e+00
1.819404138504970890e-03
6.337547899248497335e-07
3.460404294901468383e-11
9.777278934820373595e-16
9.596042371535034534e-22
9.329851312499874112e-28
3.442054760446532325e-28
1.543634021849686221e-28
2.818416026193748238e-28
1.071512966380741006e-28
7.900845409945780619e-28
9.627964824146973291e-29
2.479794101937916499e-28
6.509948483680120145e-29
3.246539108684777468e-28
5.973610805044439075e-29
1.512186256007943918e-28
6.159774685759577459e-29
1.975566649780526792e-27
5.436291040479960519e-29
1.535959234851700963e-28
5.711575880425981569e-29
2.897107447881733236e-28
5.791713209256364194e-29
1.556943570137143303e-28
6.667851895659208163e-29
6.916894979013262096e-28
6.660590247660067753e-29
1.561767189462565115e-28
5.019945601778968440e-29
2.907530599256509068e-28
4.759693037420985277e-29
1.469751663102377587e-28
5.187520935416613263e-29
1.509804366666630476e-27
4.862252988527591648e-29
1.507891763887163343e-28
4.867025924373626212e-29
2.923784243285829341e-28
5.325282629470851587e-29
1.618871601614820363e-28
7.388293425260389387e-29
6.667592180639808649e-28
7.004475214317703105e-29
1.660033685342538692e-28
5.528521069767752914e-29
2.978215303764582300e-28
4.737188464652182457e-29
1.431806462312424128e-28
5.011425480262430765e-29
5.834244175324856829e-27
4.881002755047647802e-29
1.441222057719031664e-28
4.813183401768380942e-29
2.978022166886355746e-28
5.440279894693240851e-29
1.603263861156595961e-28
6.981860861304279858e-29
6.667592180639808649e-28
7.254320773325800389e-29
1.679794456516549102e-28
5.227356567271639056e-29
2.924121709611643685e-28
4.839038169766154640e-29
1.468958875985378021e-28
5.111029279240909768e-29
1.509804366666630476e-27
4.979040802771334064e-29
1.453477780729748287e-28
4.803503948003143749e-29
2.907868233851138943e-28
5.021766200830880958e-29
1.546911909864833421e-28
6.824657723820784882e-29
6.916894979013262096e-28
7.409797083757294548e-29
1.605813959918465679e-28
5.594579090622200152e-29
2.897041984152821783e-28
5.321091677387515686e-29
1.511221325874928998e-28
5.512362757089750224e-29
1.975566649780526792e-27
5.844653846864350484e-29
1.489442937629970230e-28
5.990068243854189351e-29
3.246905792561748934e-28
6.370833689687446211e-29
2.464465165126119556e-28
9.259861862802396475e-29
7.900845409945780619e-28
1.061800397502645110e-28
2.817893582171910902e-28
1.505280554477357080e-28
3.442231670708999247e-28
9.304746297588138843e-28
9.596095413919060132e-22
9.777279003075283493e-16
3.460404294901468383e-11
6.337547899247888530e-07
1.819404138504974143e-03
2.178169476320271691e+00
2.800527943250297191e+00
3.071057414420273517e+02
2.562273947783846779e+03
2.365976578642280401e+03
2.891056045509609703e+03
3.272168080108339836e+03
2.288558490990664268e+03
1.267628877345254068e+03
2.460192469218083655e+00
1.828174591889828197e-06
4.139325866088246362e-09
4.201073793017472154e-12
