1.973520645437822212e+06
3.868865036229463318e-12
3.879622525447191073e-09
1.796859167248645575e-06
2.300850906990504541e+00
1.242723818681401326e+03
2.143109870677494655e+03
3.354086172532349792e+03
2.910407753126904936e+03
2.248950882832692059e+03
2.317200804982694990e+03
2.868270976258383484e+02
2.551845374922175669e+00
1.826853970113266445e+00
1.389571713819935488e-03
4.502972372578624369e-07
2.410192407503755219e-11
6.777276700381968379e-16
6.783650256366656262e-22
6.660448378013551256e-28
3.483958463081272636e-28
1.394960102145462480e-28
2.707915214907713396e-28
1.106115487574774878e-28
7.874656604258083635e-28
9.216518530673376962e-29
2.331180737793106709e-28
6.455025260119700607e-29
3.144914035955198659e-28
5.746288495131724941e-29
1.493305478785463345e-28
6.103916099136085285e-29
1.939787166195134967e-27
5.287457538839057170e-29
1.516487724232652637e-28
5.507326892949431066e-29
2.913954332674780171e-28
5.698882427839982269e-29
1.527574220327986045e-28
6.458872461254285472e-29
6.780815705489683532e-28
6.464455992236528358e-29
1.532763535027013683e-28
4.931837763329624778e-29
2.933687265060309831e-28
4.740705077041079431e-29
1.460874738282388453e-28
5.164148917121451435e-29
1.494108069817205562e-27
4.828873753363435714e-29
1.481500197888318418e-28
4.744504626222236749e-29
2.902337962666769460e-28
5.262240729738628409e-29
1.574678055233212588e-28
7.215653381148417368e-29
6.572544437290771104e-28
6.923418494209886803e-29
1.612948267564372865e-28
5.493102004278142327e-29
2.885338929619835765e-28
4.683794934223065666e-29
1.409774941191290355e-28
4.946782178474738806e-29
5.690027710919529767e-27
4.797823946382450326e-29
1.414736283816112600e-28
4.752046909665476011e-29
2.885121327847907545e-28
5.369261303348350364e-29
1.563644550920813091e-28
6.831648771089059464e-29
6.572544437290771104e-28
7.114664018609722184e-29
1.614341431743800469e-28
5.162501617090182951e-29
2.902207821346080714e-28
4.733280263777871871e-29
1.448177653332066398e-28
5.054209106024059586e-29
1.494108069817205562e-27
4.917966156339002437e-29
1.446447242018577527e-28
4.784703138671835485e-29
2.933669898943442781e-28
4.915434516531319802e-29
1.529000545335552644e-28
6.653471640181022169e-29
6.780815705489683532e-28
7.254117924418276077e-29
1.574715891616952831e-28
5.552528512423859805e-29
2.914351073809726772e-28
5.170722349092552511e-29
1.491557698138189811e-28
5.352923837894509571e-29
1.939787166195134967e-27
5.813382036182400713e-29
1.471521406026517872e-28
5.793170293490002987e-29
3.144914778667315341e-28
6.323085916471719345e-29
2.315756477630487387e-28
8.805743226214724444e-29
7.874656604258083635e-28
1.084616523455720458e-28
2.711514679659506487e-28
1.353072349817578885e-28
3.484012774670758883e-28
6.682676439515075492e-28
6.783734802953201325e-22
6.777276728405831969e-16
2.410192407503755219e-11
4.502972372578162736e-07
1.389571713819938740e-03
1.826853970113266890e+00
2.551845374922175669e+00
2.868270976258384621e+02
2.317200804982694990e+03
2.248950882832692514e+03
2.910407753126904936e+03
3.354086172532349792e+03
2.143109870677495564e+03
1.242723818681401326e+03
2.300850906990504541e+00
1.796859167248784701e-06
3.879622525436364106e-09
3.868865036434625920e-12
