1.978154196692046244e+06
3.748302936090001753e-12
3.807140704016371290e-09
1.770083252212348218e-06
2.271361707996166768e+00
1.227116229973916006e+03
2.094460909822261328e+03
3.297829473307022909e+03
2.923582752025125501e+03
2.259959917262404360e+03
2.274030138769382575e+03
2.829279795441930787e+02
2.508745683341122579e+00
1.747750276595009256e+00
1.290274155787763007e-03
4.120310862236360604e-07
2.229294371440845658e-11
6.335376058995709988e-16
6.447778856808197363e-22
6.333161166606586782e-28
3.473058564329996555e-28
1.369345850258518272e-28
2.645449859431342806e-28
1.083972429877155361e-28
7.792856731597536182e-28
8.813053431409008331e-29
2.250094345147609980e-28
6.373138519790746376e-29
3.179552779552998134e-28
5.646297992104939372e-29
1.495196430177817423e-28
6.095091470023809400e-29
1.923350840660835998e-27
5.225195313107321906e-29
1.488533467607641723e-28
5.444864303855552666e-29
2.895230534096712820e-28
5.594200075053464497e-29
1.510837336635844547e-28
6.382228635219801940e-29
6.803152848996481757e-28
6.407281916017949336e-29
1.528646771791167238e-28
4.989478084846503185e-29
2.897934729590681491e-28
4.758140949177535879e-29
1.445843229004519705e-28
5.119896855742341200e-29
1.482425107748692862e-27
4.823774817926514540e-29
1.475330382671328684e-28
4.762791730146222802e-29
2.906838978362756323e-28
5.307956664761605755e-29
1.569272160500816233e-28
7.124560838212385827e-29
6.586908224169799963e-28
6.794801007697357053e-29
1.605706108092534163e-28
5.421170504247279256e-29
2.920710830464838229e-28
4.668727109857074174e-29
1.416241838790456114e-28
4.906615200637427772e-29
5.625539837480679258e-27
4.747991753917132070e-29
1.425021826937062134e-28
4.751181819479673783e-29
2.920722002720197499e-28
5.327631126207896761e-29
1.558999960431858280e-28
6.724957120024060737e-29
6.586908224169799963e-28
7.021247169368759843e-29
1.619931649382226477e-28
5.146280537762738105e-29
2.906827718923453526e-28
4.753586226722993526e-29
1.442307732668578205e-28
5.069838013846381584e-29
1.482425107748692862e-27
4.886649170718349659e-29
1.432822875123479586e-28
4.833242384818271881e-29
2.898029086333557449e-28
5.003051896001478963e-29
1.526033322126896820e-28
6.565873460970081956e-29
6.803152848996481757e-28
7.152783613573744375e-29
1.556939981799435858e-28
5.435675501397729337e-29
2.895554611243199216e-28
5.104990331121287133e-29
1.463315681716033292e-28
5.298291990663290151e-29
1.923350840660835998e-27
5.844053976624190015e-29
1.473321457078208734e-28
5.701692254078507639e-29
3.179629743172886185e-28
6.249750103670819851e-29
2.240513090487485507e-28
8.472589301046206817e-29
7.792856731597536182e-28
1.062751009517045948e-28
2.650138813185046509e-28
1.322544665892316079e-28
3.473021090188195900e-28
6.345154149977997268e-28
6.447868476741841370e-22
6.335376083841838720e-16
2.229294371440845658e-11
4.120310862235762387e-07
1.290274155787766910e-03
1.747750276595010366e+00
2.508745683341122579e+00
2.829279795441930787e+02
2.274030138769382575e+03
2.259959917262404360e+03
2.923582752025125501e+03
3.297829473307022454e+03
2.094460909822261328e+03
1.227116229973915779e+03
2.271361707996166768e+00
1.770083252212493484e-06
3.807140704002985026e-09
3.748302936319352926e-12
