1.988604295258561382e+06
3.471834069126070604e-12
3.666557330213886675e-09
1.695886136392439086e-06
2.242426803909772559e+00
1.179916734439340416e+03
2.016800370927971699e+03
3.087347212978872449e+03
2.905190964821804755e+03
2.309703697953719711e+03
2.188408997306456058e+03
2.755070686946065734e+02
2.421766807801505994e+00
1.607244698048539311e+00
1.125706437799856019e-03
3.539975469586947715e-07
1.988510882853988551e-11
5.778813803872987386e-16
6.021768118132485895e-22
5.658700629199717674e-28
3.463901765533744455e-28
1.253072539437645823e-28
2.542836740127518046e-28
1.074486244821719465e-28
7.691193646155444257e-28
8.511586628490483288e-29
2.136756465465940147e-28
6.541626853969526324e-29
3.140022662648812589e-28
5.636808626499210939e-29
1.470086630167586565e-28
6.020084613773313415e-29
1.975318799632269496e-27
5.094105189012868067e-29
1.466658622155190547e-28
5.399634150180850121e-29
2.888420118219610333e-28
5.657268901464540970e-29
1.517545628073854968e-28
6.283544403964704495e-29
6.739401875713479797e-28
6.262123885468485148e-29
1.514901428120684106e-28
4.950174117846025894e-29
2.897969028634926452e-28
4.681517279201081390e-29
1.470387480566026033e-28
5.051465631078746718e-29
1.481747464942113120e-27
4.775881965033371191e-29
1.453168687391864934e-28
4.697291585377153856e-29
2.923598191356821902e-28
5.137025659441650704e-29
1.549473651468607683e-28
7.103741056988233412e-29
6.561292510252177195e-28
6.625888393953558425e-29
1.600284086177934332e-28
5.289533400662836055e-29
2.900939316414775821e-28
4.658545683312301228e-29
1.401378261424656688e-28
4.911380581272899301e-29
5.829637900940306113e-27
4.783592501064662858e-29
1.412554941610645170e-28
4.784182395610354622e-29
2.901064879752515965e-28
5.230989139547408236e-29
1.547019770946898001e-28
6.547000218008227618e-29
6.561292510252177195e-28
6.971006222375913484e-29
1.605427393765599046e-28
5.016716597379439691e-29
2.923636434280819626e-28
4.675267496077641942e-29
1.418528059459061140e-28
5.001867560191399610e-29
1.481747464942113120e-27
4.835258411605024720e-29
1.458886264825316408e-28
4.743194130494051929e-29
2.897815424811436926e-28
4.946306016083338668e-29
1.509505570564127048e-28
6.438999736325462218e-29
6.739401875713479797e-28
6.976935523894214871e-29
1.564339531858549252e-28
5.456862163458370081e-29
2.888822787015699339e-28
5.043646955919363991e-29
1.446741401433842594e-28
5.170295597980541372e-29
1.975318799632269496e-27
5.757296953404683262e-29
1.452196134685739488e-28
5.655168409204513874e-29
3.139629331454360040e-28
6.424944354384163788e-29
2.120671962870576913e-28
8.123600262659311503e-29
7.691193646155444257e-28
1.059195199832647831e-28
2.548445599677963990e-28
1.194785503363636260e-28
3.463817893104915340e-28
5.659954790375987372e-28
6.021870718024417503e-22
5.778813798142683035e-16
1.988510882853988551e-11
3.539975469586013332e-07
1.125706437799859055e-03
1.607244698048539755e+00
2.421766807801506438e+00
2.755070686946065734e+02
2.188408997306456058e+03
2.309703697953719711e+03
2.905190964821804755e+03
3.087347212978873358e+03
2.016800370927971699e+03
1.179916734439340416e+03
2.242426803909772559e+00
1.695886136392605528e-06
3.666557330199370896e-09
3.471834069375775347e-12
