2.009084811813111883e+06
2.934215353203791816e-12
3.448114792438766295e-09
1.541325352429942938e-06
2.299391526496599614e+00
1.044627082685649611e+03
1.949643163313170817e+03
2.939275458983034241e+03
2.647378814089167463e+03
2.350817534009524934e+03
2.146772188825565991e+03
2.528381448371096099e+02
2.141837271491803030e+00
1.307094958350178970e+00
8.419357071490794547e-04
2.520390577101737505e-07
1.464254852168887437e-11
4.298105132804140126e-16
4.452778848867183581e-22
3.857338890564036600e-28
3.334794157661938999e-28
1.139478163270063632e-28
2.408117952358686776e-28
9.809274847051520120e-29
7.348807563401254760e-28
8.388466489509283014e-29
2.014151509722460648e-28
6.251917976790110745e-29
3.086360584618320146e-28
5.445177412111157509e-29
1.457071778479716568e-28
5.595627986541464824e-29
1.930040132697046389e-27
4.965396515896452587e-29
1.487906679084908142e-28
5.343733128538198257e-29
2.913843026777488293e-28
5.536608724684003597e-29
1.481502247414418919e-28
6.076584579772768883e-29
6.679014117178759066e-28
5.955468822903112138e-29
1.503102550702356310e-28
4.821359897099738831e-29
2.882173423613430144e-28
4.513884636929708861e-29
1.423278310338379733e-28
4.873189480961927759e-29
1.482425771170330672e-27
4.721546822958918168e-29
1.460110046305246648e-28
4.632531476866432116e-29
2.906639884388509106e-28
5.030033417448385971e-29
1.558800219687274844e-28
7.045198826596581720e-29
6.499592384467343748e-28
6.400651387435151451e-29
1.571570535036705831e-28
5.167632446165636408e-29
2.846110386298360054e-28
4.510033677891219712e-29
1.416330657683889348e-28
4.829439250400454837e-29
5.615088589566311409e-27
4.655712061074469523e-29
1.429801444216711743e-28
4.577129194846468750e-29
2.845887452408707901e-28
5.093259217762780960e-29
1.526578594012884568e-28
6.347958192772396362e-29
6.499592384467343748e-28
6.922232953890714330e-29
1.605402811142000615e-28
4.938383939630522283e-29
2.906773014409470720e-28
4.609843930442165695e-29
1.425633410338449934e-28
4.943380241442538814e-29
1.482425771170330672e-27
4.686610562339353893e-29
1.411723035828513173e-28
4.579027176020036836e-29
2.882133568979124983e-28
4.800207755274989721e-29
1.488881933505142181e-28
6.256980766565916718e-29
6.679014117178759066e-28
6.771079317852329762e-29
1.528177532128198061e-28
5.309477255628023722e-29
2.913787479617165972e-28
5.008597327582103826e-29
1.464519517990484510e-28
5.088845711431795881e-29
1.930040132697046389e-27
5.357542513433523019e-29
1.435468790268399848e-28
5.455452385890937200e-29
3.086161544386469397e-28
6.189921926385587915e-29
1.994824719733973252e-28
7.970117428962728389e-29
7.348807563401254760e-28
9.709948138814697461e-29
2.409831283765338493e-28
1.081463895439999378e-28
3.334593887374326177e-28
3.850418934142875929e-28
4.452884910981196046e-22
4.298105119168032513e-16
1.464254852168887437e-11
2.520390577100492367e-07
8.419357071490814063e-04
1.307094958350179414e+00
2.141837271491803030e+00
2.528381448371095814e+02
2.146772188825565991e+03
2.350817534009524934e+03
2.647378814089167463e+03
2.939275458983034241e+03
1.949643163313170817e+03
1.044627082685649611e+03
2.299391526496599614e+00
1.541325352430007736e-06
3.448114792418770445e-09
2.934215353435593027e-12
