2.026186758555925684e+06
2.614178029708386914e-12
3.244380252062527290e-09
1.433695189152430724e-06
2.315844746067439175e+00
9.393883532276296364e+02
1.827877706521026994e+03
2.970230115120531536e+03
2.413365784595300738e+03
2.300831444801593534e+03
2.043176328693300320e+03
2.277461800584368916e+02
1.937253911316345389e+00
1.133786483358051322e+00
6.916605406253570646e-04
1.969260824558407123e-07
1.148928784664153017e-11
3.349642134174152606e-16
3.396352373367453969e-22
2.829006492873644719e-28
3.283731781281120125e-28
1.111614539390519815e-28
2.343579285281346615e-28
9.092624499020983031e-29
7.169854039577962516e-28
7.820697976310027192e-29
1.964227706127322854e-28
5.920774686207340251e-29
3.027593086581917236e-28
5.393790371540952396e-29
1.439335766675623094e-28
5.505365378961892560e-29
1.935300923604433380e-27
4.958030385352231530e-29
1.464210963656818190e-28
5.266630840238333851e-29
2.881520844298228655e-28
5.551194304043069442e-29
1.494974078045531650e-28
5.977534290790113398e-29
6.683727302715727824e-28
6.037211134417064831e-29
1.497795712028472993e-28
4.693744443729183295e-29
2.902101525964933263e-28
4.544562276581469894e-29
1.427215070930612076e-28
4.969402675604482167e-29
1.472832296326502564e-27
4.673946339226833935e-29
1.445466231036958784e-28
4.532318983235888554e-29
2.850412534799698542e-28
4.965530490461379766e-29
1.561052140877546051e-28
6.813817526990557284e-29
6.513965688628160750e-28
6.436932995801321042e-29
1.561588880290102259e-28
5.018180410054741609e-29
2.869926321370882410e-28
4.515449553561028404e-29
1.405910225182819314e-28
4.767893845950388146e-29
5.672686417747189639e-27
4.604337301865665645e-29
1.418473089777087877e-28
4.595634481190438266e-29
2.869715730154354388e-28
5.001580060505928452e-29
1.520236140094894443e-28
6.304538336352649899e-29
6.513965688628160750e-28
6.668171227377487210e-29
1.606024964192309408e-28
4.921068295018604529e-29
2.850788909609694265e-28
4.553398382187085309e-29
1.411846340438730018e-28
4.879167373016884011e-29
1.472832296326502564e-27
4.744678350002568325e-29
1.419045489232191111e-28
4.612337380533306654e-29
2.902003418193790523e-28
4.654615525354446310e-29
1.483653316778126134e-28
6.238528602864882047e-29
6.683727302715727824e-28
6.819466491939240947e-29
1.542139287083032489e-28
5.296079007824495745e-29
2.881597283484673076e-28
4.885764952174334962e-29
1.446315990656632328e-28
5.032290367304053409e-29
1.935300923604433380e-27
5.254739418765568538e-29
1.421680486767751797e-28
5.385471944816024033e-29
3.027331002657500886e-28
5.856895503088378263e-29
1.949449126602068008e-28
7.535153757663521063e-29
7.169854039577962516e-28
8.992244722316142435e-29
2.346689047282205645e-28
1.054823754578721818e-28
3.283361046129508925e-28
2.828896837646106801e-28
3.396463119009509397e-22
3.349642105902844551e-16
1.148928784664153017e-11
1.969260824557510592e-07
6.916605406253583657e-04
1.133786483358051100e+00
1.937253911316345389e+00
2.277461800584369200e+02
2.043176328693300320e+03
2.300831444801593534e+03
2.413365784595300738e+03
2.970230115120531536e+03
1.827877706521027449e+03
9.393883532276296364e+02
2.315844746067439175e+00
1.433695189152410184e-06
3.244380252035124864e-09
2.614178029844976728e-12
