2.029815820726153674e+06
2.545963586344361475e-12
3.199270944624233590e-09
1.410434480356990304e-06
2.309288309762367319e+00
9.293143865421448027e+02
1.808150542735961835e+03
2.973374438793272930e+03
2.380828043285644071e+03
2.282138422077380710e+03
2.014133399811050367e+03
2.232441438912992169e+02
1.902203300151646514e+00
1.107976147523083821e+00
6.700445211402036470e-04
1.887828077363399472e-07
1.098540730687848722e-11
3.188631493314871655e-16
3.209233333800493396e-22
2.653065292579345409e-28
3.325881347921100551e-28
1.098192825784939201e-28
2.288685930855767194e-28
8.865139279586937548e-29
7.048163209696966894e-28
7.601253359471251247e-29
1.968024721064882620e-28
5.852416029840061339e-29
3.062376671672229384e-28
5.395064524754021806e-29
1.454494858752792310e-28
5.361217699305011306e-29
1.915882217934829236e-27
4.931955762516948387e-29
1.454705645401907278e-28
5.131467177620665749e-29
2.869637746729602529e-28
5.516289890248961667e-29
1.489786529751355253e-28
6.059391044512613595e-29
6.676797110410722560e-28
5.927500522080914906e-29
1.494883767821865774e-28
4.723803735463247452e-29
2.842595925056122998e-28
4.544200508143442245e-29
1.417480988325232233e-28
4.833671054045709508e-29
1.456332435614883093e-27
4.656570248970295915e-29
1.438722031133527092e-28
4.539942929459971009e-29
2.881016880568169961e-28
4.939814201728605741e-29
1.530433938111701945e-28
6.884369103461892728e-29
6.455380797810969436e-28
6.497743812410550495e-29
1.552026248870192977e-28
5.065961769252361441e-29
2.843085127113718760e-28
4.583748126757466648e-29
1.388108988408061369e-28
4.764878080483214148e-29
5.518319543379563614e-27
4.630754754105049430e-29
1.397066760841162723e-28
4.658281321549946267e-29
2.843036287792663168e-28
4.991790601241109942e-29
1.509105875227116188e-28
6.377116163863605415e-29
6.455380797810969436e-28
6.609493671973661761e-29
1.572270887505754223e-28
4.850107861682119316e-29
2.881490630172266425e-28
4.538112803799119140e-29
1.404187851090931981e-28
4.872829992651529695e-29
1.456332435614883093e-27
4.634327386174064866e-29
1.403534583570713872e-28
4.607189069098088233e-29
2.842406684977405446e-28
4.710305365461696598e-29
1.481475589931941420e-28
6.266793064845646087e-29
6.676797110410722560e-28
6.964830234246404706e-29
1.533449848015938307e-28
5.195207236915670078e-29
2.869856939957624886e-28
4.803950038137129741e-29
1.434844901228767588e-28
5.031737487802237484e-29
1.915882217934829236e-27
5.138736063942826891e-29
1.436461458429865529e-28
5.409920109261467030e-29
3.062313027288353211e-28
5.793031375047966838e-29
1.948391228858715940e-28
7.357003825327401443e-29
7.048163209696966894e-28
8.762304808223520841e-29
2.295502752284921341e-28
1.046278021422252146e-28
3.325918825362158219e-28
2.653480049733022921e-28
3.209333938912241293e-22
3.188631465882994927e-16
1.098540730687848722e-11
1.887828077362376679e-07
6.700445211402053817e-04
1.107976147523083821e+00
1.902203300151647181e+00
2.232441438912992737e+02
2.014133399811050367e+03
2.282138422077380710e+03
2.380828043285644071e+03
2.973374438793273384e+03
1.808150542735961380e+03
9.293143865421448027e+02
2.309288309762367319e+00
1.410434480356974422e-06
3.199270944595769891e-09
2.545963586482013134e-12
