1.950673628678349778e+06
5.758885324986185961e-12
5.778925076320871471e-09
1.449858607353313288e-06
2.980599359040957630e+00
1.232966597990807486e+03
3.263136332986988691e+03
3.116679957105899121e+03
3.443418756128028235e+03
2.862429036541304413e+03
3.869520368795037484e+03
5.350523972956568741e+02
6.893004850050608034e+00
6.145850463224233451e+00
5.782202705123149281e-03
2.486122371873468582e-06
1.536872973131169666e-10
4.623085241225044206e-15
5.152716494339208553e-21
5.837264337024936599e-27
3.696243996479679315e-28
2.223262323274582780e-28
3.735734065113426397e-28
1.380790917605631054e-28
8.501517071122988861e-28
1.120812035334688514e-28
2.806663946408243212e-28
7.217101719612705689e-29
3.356190272350401919e-28
6.319259118574187741e-29
1.597741575884852471e-28
6.799358314984738481e-29
1.969851453145607984e-27
5.777438986091645724e-29
1.634729624067572364e-28
5.898944132239400323e-29
3.009295253308147694e-28
6.318535593126772956e-29
1.683104515768305349e-28
7.379051518615489250e-29
7.201288963271554143e-28
7.147492305683201330e-29
1.664678506050685700e-28
5.448519055716967826e-29
3.005434302059529635e-28
5.129725024805829100e-29
1.547090385176980041e-28
5.576059762498605122e-29
1.530267666120388475e-27
5.242082354350866916e-29
1.592320030232509818e-28
5.212443291137009563e-29
3.039858003525118838e-28
5.750472450663311742e-29
1.735453316494287372e-28
8.290575712312807829e-29
6.778840120040629440e-28
7.167869737896076088e-29
1.809377207578368368e-28
5.839005686532852939e-29
2.954246953716338237e-28
5.005671853207636011e-29
1.504404660536303396e-28
5.302642555827746745e-29
5.793613219638390613e-27
5.174480671197988135e-29
1.519520866914701075e-28
5.028017223171676889e-29
2.954259146224964268e-28
5.776954095582149993e-29
1.740514323167074770e-28
7.167909085749286294e-29
6.778840120040629440e-28
8.164815041752338629e-29
1.826181740271140320e-28
5.669232488489495141e-29
3.040311904660298704e-28
5.142756452347893842e-29
1.536884138421762336e-28
5.491167821058483952e-29
1.530267666120388475e-27
5.331655451781403302e-29
1.522409831172753760e-28
5.200907719220102270e-29
3.005202413272249525e-28
5.454504147314144335e-29
1.645556762213043357e-28
7.458970940213427903e-29
7.201288963271554143e-28
8.187451390802115510e-29
1.758475587654650587e-28
6.051874930196429488e-29
3.009126991461236531e-28
5.570376943595354965e-29
1.593494880988085524e-28
5.943273249766948738e-29
1.969851453145607984e-27
6.564716501741845044e-29
1.557495224337265530e-28
6.334366427117023939e-29
3.356315233601225664e-28
7.109731999451177563e-29
2.772657117271959513e-28
1.083585601472231996e-28
8.501517071122988861e-28
1.413475133715511787e-28
3.733731779412137271e-28
2.166149488135472259e-28
3.695895905981055912e-28
5.844047410569345998e-27
5.152732686713675727e-21
4.623085268783715336e-15
1.536872973131169666e-10
2.486122371873901840e-06
5.782202705123166628e-03
6.145850463224235227e+00
6.893004850050608034e+00
5.350523972956568741e+02
3.869520368795037484e+03
2.862429036541304413e+03
3.443418756128028235e+03
3.116679957105899121e+03
3.263136332986988691e+03
1.232966597990807486e+03
2.980599359040957630e+00
1.449858607353172468e-06
5.778925076330975482e-09
5.758885324831888504e-12
