1.950441641311765881e+06
5.659131362068628864e-12
5.622892530961999583e-09
1.471258302962611587e-06
2.927838169503475196e+00
1.235800088009307046e+03
3.229840905035903688e+03
3.115324216368006546e+03
3.415435543044850874e+03
2.825516221107637648e+03
3.822894246163345542e+03
5.285622593690392250e+02
6.696346627443911181e+00
5.982311046888304062e+00
5.642966550983142919e-03
2.413503912268144011e-06
1.485951986391418990e-10
4.461789762398329944e-15
4.929729511677735961e-21
5.523749788012707222e-27
3.641539642215604709e-28
2.154648610187967656e-28
3.636537921512077303e-28
1.417814068067265895e-28
8.438882906311969308e-28
1.120773677084204294e-28
2.778500271440601635e-28
7.178552674233790814e-29
3.349193240300945506e-28
6.270651979731325342e-29
1.585882776400883655e-28
6.603917290717235460e-29
1.978362825959390476e-27
5.839582319261175278e-29
1.636165740194789279e-28
5.798804084849408016e-29
2.988676061726701915e-28
6.336837849777575051e-29
1.662953951671019991e-28
7.175126974736712634e-29
7.162257199007224879e-28
7.056155359234786979e-29
1.663016284772421311e-28
5.405695025032442780e-29
3.034540895168945931e-28
5.190924734372994167e-29
1.547708958309579391e-28
5.558166772993731242e-29
1.519036293423543029e-27
5.249864338051843629e-29
1.568133633245436761e-28
5.188904101953318610e-29
3.021530667358004128e-28
5.715934680127188626e-29
1.743591665463265023e-28
8.209451827882493969e-29
6.859379029370243323e-28
7.309972674241069966e-29
1.770995803888643607e-28
5.821612307127917968e-29
3.021636675376215365e-28
5.043863454261539598e-29
1.480793204846100088e-28
5.359167842585458185e-29
5.667587562289864197e-27
5.231157820167533785e-29
1.502961623717714466e-28
5.063550951431721196e-29
3.021766430102217107e-28
5.758590772252159539e-29
1.698639129866854899e-28
7.162907653320579877e-29
6.859379029370243323e-28
8.079336902648860392e-29
1.830811310446029255e-28
5.667347480446806739e-29
3.022053419610952075e-28
5.137710921462969028e-29
1.514560950986066412e-28
5.499076792129977396e-29
1.519036293423543029e-27
5.322950184075804777e-29
1.527916590821811429e-28
5.269650629627238990e-29
3.034720327760882530e-28
5.388962034915986400e-29
1.638298332686955576e-28
7.266610847462729175e-29
7.162257199007224879e-28
8.036769413670389050e-29
1.746947670895832193e-28
6.050507899010684239e-29
2.989009459899539650e-28
5.457478689186563276e-29
1.601590353225507675e-28
5.998019764593153660e-29
1.978362825959390476e-27
6.381864658437968443e-29
1.548651103512609170e-28
6.287189382136425225e-29
3.349545092251915602e-28
7.065031996903235526e-29
2.743609713861630804e-28
1.084011650877264928e-28
8.438882906311969308e-28
1.454706012637481117e-28
3.645053711043334891e-28
2.099809310459663528e-28
3.641407937991273967e-28
5.533860758277921535e-27
4.929743740775051829e-21
4.461789788088448337e-15
1.485951986391418990e-10
2.413503912268488754e-06
5.642966550983154195e-03
5.982311046888306727e+00
6.696346627443912958e+00
5.285622593690392250e+02
3.822894246163345542e+03
2.825516221107637648e+03
3.415435543044850874e+03
3.115324216368006546e+03
3.229840905035903688e+03
1.235800088009307046e+03
2.927838169503475196e+00
1.471258302962511002e-06
5.622892530972472517e-09
5.659131361877356272e-12
