1.950251556964116637e+06
5.568353404785189095e-12
5.494885894301916483e-09
1.500175578333200928e-06
2.878347914923807149e+00
1.239364534773819287e+03
3.184584590031012340e+03
3.118432895779098544e+03
3.393286066123656838e+03
2.798449976031160986e+03
3.778263472693584845e+03
5.208934727331261456e+02
6.477777273451046369e+00
5.792636612518363926e+00
5.469839351495375118e-03
2.323468094195002609e-06
1.424113360062271948e-10
4.267456066203215662e-15
4.669961183931525864e-21
5.203264716135513030e-27
3.638712261575043671e-28
2.103104302459983391e-28
3.569394762540210363e-28
1.408070019957881071e-28
8.336760019706242025e-28
1.079878670411980391e-28
2.742402127487353303e-28
7.151999588214299121e-29
3.375429458258666528e-28
6.240207655297436730e-29
1.573438475497237379e-28
6.628591801007753965e-29
1.956244042093775222e-27
5.765763502194420143e-29
1.625434873767007857e-28
5.854336255868556187e-29
2.999505513342456107e-28
6.344246804113802190e-29
1.653418833413048474e-28
7.065298617028553884e-29
7.140223482888532315e-28
6.991549209231046038e-29
1.662586968396855044e-28
5.487577487082870862e-29
2.993384870213970718e-28
5.117468448530401115e-29
1.522492361840227207e-28
5.509836562685983755e-29
1.507000026227675251e-27
5.178349575619040167e-29
1.567156140584227112e-28
5.160256570742654447e-29
3.008417746037820719e-28
5.756469123058656691e-29
1.731678506930299052e-28
8.189434619443144918e-29
6.847189316039677523e-28
7.164272696206241194e-29
1.776355005466081687e-28
5.772008786474283655e-29
2.990463398555819907e-28
5.009989378888411539e-29
1.468961524975209262e-28
5.331181046681636857e-29
5.646529614491832136e-27
5.172665756593442015e-29
1.490081259094044576e-28
5.053784604262875222e-29
2.990495862705693145e-28
5.703513250625556916e-29
1.705392353702106513e-28
7.229909419573393296e-29
6.847189316039677523e-28
7.880869739360395572e-29
1.834132757258421222e-28
5.679226213577237256e-29
3.008735226434635732e-28
5.122593328087195270e-29
1.515733559517752968e-28
5.436249520846256261e-29
1.507000026227675251e-27
5.283022438816260988e-29
1.503909163991354393e-28
5.200917470579440896e-29
2.993646727605496574e-28
5.485615244853255446e-29
1.644327466045279811e-28
7.254726768027161156e-29
7.140223482888532315e-28
7.925522131916930463e-29
1.733870729126876420e-28
6.046354073015203445e-29
2.999756229531756741e-28
5.451923374464686276e-29
1.586699056314992060e-28
5.862313178484959208e-29
1.956244042093775222e-27
6.418963493068585951e-29
1.540854811417963576e-28
6.268804579312239143e-29
3.375456217300291259e-28
7.042996089801760995e-29
2.706102516292382661e-28
1.035928668386483543e-28
8.336760019706242025e-28
1.454154361930302480e-28
3.566800993672513008e-28
2.044578550107476516e-28
3.638823298010804264e-28
5.216385866114991919e-27
4.669971069755076578e-21
4.267456086086131345e-15
1.424113360062271948e-10
2.323468094195391397e-06
5.469839351495390731e-03
5.792636612518364814e+00
6.477777273451048146e+00
5.208934727331261456e+02
3.778263472693585300e+03
2.798449976031160986e+03
3.393286066123656838e+03
3.118432895779098089e+03
3.184584590031012340e+03
1.239364534773819287e+03
2.878347914923807149e+00
1.500175578333078955e-06
5.494885894312875799e-09
5.568353404646776090e-12
