1.950116425637069391e+06
5.429410023622124298e-12
5.375959345087684445e-09
1.528429367077532276e-06
2.830530450865540448e+00
1.243041791214346858e+03
3.129928329117320118e+03
3.116061136748659465e+03
3.366407385299562065e+03
2.766484228431901101e+03
3.738973336467571698e+03
5.120902271770906964e+02
6.241168987463287188e+00
5.580478610813937479e+00
5.266162765584047993e-03
2.217528026237770372e-06
1.352295979291443761e-10
4.042661345125622802e-15
4.376773046713823811e-21
4.825999027769491187e-27
3.603045229267712600e-28
2.121445111626286029e-28
3.505492390779798668e-28
1.402978058677844249e-28
8.285972692947920706e-28
1.055702909435090780e-28
2.680082834672589851e-28
7.057116272629301569e-29
3.372127976924284881e-28
6.265686615305973269e-29
1.586587458849939683e-28
6.565523931834976480e-29
1.954093121503859845e-27
5.737756359740551469e-29
1.624514945311197702e-28
5.799646068389345380e-29
2.946757167378229441e-28
6.318314852982213824e-29
1.660613911958208134e-28
7.030503252663642325e-29
7.174943824906167549e-28
7.051386099279817724e-29
1.640341768268176762e-28
5.401371750013481642e-29
3.028795373362362430e-28
5.038813040179525157e-29
1.528962167383426345e-28
5.508052505525099219e-29
1.523761130594545842e-27
5.192769682116987535e-29
1.574610716383329269e-28
5.125164454794867036e-29
3.007223629027949918e-28
5.712915908940714521e-29
1.700535966690852698e-28
8.113006108700288564e-29
6.817383288210851592e-28
7.220559640978685692e-29
1.779616306688618953e-28
5.806866204407747765e-29
2.967981822993931782e-28
4.996663129311302394e-29
1.475827787757152716e-28
5.343760555230425578e-29
5.791412730815720716e-27
5.172994260431833150e-29
1.494336240632407122e-28
5.058545935491344493e-29
2.968347149093911024e-28
5.729795235871161764e-29
1.704479495921097414e-28
7.218564181948103293e-29
6.817383288210851592e-28
7.845440748341069297e-29
1.786399152273229801e-28
5.640192257728461154e-29
3.006638966531456344e-28
5.122875073184379914e-29
1.518249365226375058e-28
5.477280224292357450e-29
1.523761130594545842e-27
5.306145732876192305e-29
1.506660959731236593e-28
5.119165753182589104e-29
3.028373609261592841e-28
5.389870638188651256e-29
1.616620269060542399e-28
7.265825147278249264e-29
7.174943824906167549e-28
7.854787476286872824e-29
1.737155324230856682e-28
6.006377729242639050e-29
2.946704417688696308e-28
5.411029067467574621e-29
1.583822067920983264e-28
5.856020556610785414e-29
1.954093121503859845e-27
6.343408698715537001e-29
1.551296755527113262e-28
6.277830017963018480e-29
3.372336449646238868e-28
6.919876200502083713e-29
2.642363944521606320e-28
1.023301310881448045e-28
8.285972692947920706e-28
1.435124726122772752e-28
3.502866363915253414e-28
2.065072911676513857e-28
3.602858173692461023e-28
4.839198096890489816e-27
4.376783386649099463e-21
4.042661364427230829e-15
1.352295979291443761e-10
2.217528026238051587e-06
5.266162765584061871e-03
5.580478610813939255e+00
6.241168987463287188e+00
5.120902271770905827e+02
3.738973336467571698e+03
2.766484228431900647e+03
3.366407385299562065e+03
3.116061136748659465e+03
3.129928329117320573e+03
1.243041791214346858e+03
2.830530450865540892e+00
1.528429367077446091e-06
5.375959345099886186e-09
5.429410023457325525e-12
