1.950074973197417101e+06
5.268850657519631248e-12
5.267140445529400026e-09
1.559060101018363285e-06
2.784058586226034304e+00
1.250098632839821903e+03
3.076418302924235377e+03
3.118323870962586170e+03
3.342903711482024846e+03
2.736381170098493385e+03
3.702017975930988541e+03
5.021482934583518727e+02
5.993047387316583041e+00
5.352950536057694997e+00
5.040349106572139526e-03
2.100290839919296235e-06
1.273426622989560192e-10
3.796042222408208978e-15
4.061403991966353026e-21
4.430024315642953098e-27
3.601816845935586777e-28
2.080123378203324576e-28
3.379374053190754093e-28
1.359035066109866350e-28
8.124962409997622489e-28
1.043758441839158339e-28
2.663152904845519927e-28
6.957341421722731556e-29
3.354627545144624229e-28
6.224833984271351928e-29
1.595804759383602059e-28
6.530037756108207826e-29
2.062589979163859420e-27
5.718149442297713731e-29
1.613740546574969971e-28
5.808924412592325574e-29
2.978743494293392795e-28
6.254548911698054576e-29
1.639227058563321566e-28
6.946284654315863845e-29
7.047926811709967457e-28
6.954196044564332977e-29
1.629024569099218084e-28
5.429014111011400987e-29
3.014277896162657389e-28
5.099983764099505209e-29
1.520016719191340404e-28
5.499050763317556219e-29
1.536473463273135758e-27
5.196158322052846234e-29
1.546283194275652176e-28
5.080643146151438001e-29
2.988293325261463418e-28
5.680161046829090814e-29
1.712513314335616795e-28
8.108849512103615973e-29
6.846024890123134116e-28
7.049689680821149236e-29
1.742775619651670840e-28
5.762280928018601022e-29
2.969877547564121281e-28
4.959889361710555491e-29
1.481368776964472425e-28
5.331262809557502330e-29
6.032273615812682854e-27
5.185162805493903775e-29
1.495520465615257698e-28
5.003186909228319960e-29
2.969738329381890107e-28
5.694390591924783785e-29
1.681558994841501703e-28
7.091118059575871248e-29
6.846024890123134116e-28
7.886143181859167930e-29
1.788357744543760425e-28
5.616110897772619427e-29
2.988732189614327055e-28
5.078190491332729123e-29
1.492330012845457074e-28
5.458498947415525919e-29
1.536473463273135758e-27
5.241226045207689349e-29
1.502853588598210758e-28
5.169503960301935313e-29
3.014633292800446525e-28
5.417127615606223193e-29
1.615414230914625099e-28
7.179633169509081554e-29
7.047926811709967457e-28
7.812127341611029847e-29
1.712063822712739974e-28
5.966267875512977071e-29
2.978795546006080696e-28
5.424152658835614802e-29
1.575532912491175255e-28
5.842703174865542513e-29
2.062589979163859420e-27
6.307023872917246502e-29
1.559855336669069710e-28
6.237403691119538088e-29
3.354779902949907968e-28
6.839732077117039301e-29
2.631138545110520078e-28
1.004373919026801795e-28
8.124962409997622489e-28
1.402372580434526861e-28
3.372181720064192105e-28
2.025180781911002408e-28
3.601710465249478300e-28
4.444207800286686388e-27
4.061411378403751377e-21
3.796042241425494179e-15
1.273426622989560192e-10
2.100290839919568556e-06
5.040349106572157740e-03
5.352950536057695885e+00
5.993047387316583041e+00
5.021482934583519295e+02
3.702017975930988541e+03
2.736381170098493385e+03
3.342903711482024846e+03
3.118323870962586625e+03
3.076418302924235832e+03
1.250098632839821903e+03
2.784058586226034304e+00
1.559060101018281123e-06
5.267140445538827403e-09
5.268850657376092794e-12
