1.950478767052893993e+06
4.561812390980691696e-12
4.829405955916232444e-09
1.683376558419088964e-06
2.650059678740285474e+00
1.274910260941100432e+03
2.767123255078306556e+03
3.142798331387787130e+03
3.314366690617646782e+03
2.646032501766747828e+03
3.443010699884197038e+03
4.368137411744631891e+02
4.799927389950285672e+00
4.251566118720055520e+00
3.937362619831786398e-03
1.546769307154662817e-06
9.071766328851484568e-11
2.656563989206302581e-15
2.682761670664653946e-21
2.835027719425150516e-27
3.517600018459984919e-28
2.005169738420586950e-28
3.070838721256672147e-28
1.274533549032357677e-28
7.800916497478244188e-28
1.032398801900942885e-28
2.602528009270837032e-28
6.794996214991932655e-29
3.320170585289024414e-28
6.269526777735228891e-29
1.560957494984861753e-28
6.341466106689853061e-29
1.955156239736192732e-27
5.557745800227088289e-29
1.577929217573422285e-28
5.845459009738626680e-29
2.934180676702199494e-28
6.274296606055391200e-29
1.628527472826038369e-28
6.912447879297822341e-29
7.000140840583762419e-28
6.795630832666147528e-29
1.635541702006627210e-28
5.260063897154057487e-29
3.011778854168582588e-28
5.003554575130731273e-29
1.515078172793586772e-28
5.365532019120799989e-29
1.499748277136641668e-27
5.065728236352179785e-29
1.551299200161138478e-28
5.056987151577029807e-29
2.996579717962919234e-28
5.579448808931548080e-29
1.685171562379077677e-28
7.861107454799397438e-29
6.772614676324296252e-28
7.107506654370698150e-29
1.729641317603941994e-28
5.713252205166300702e-29
2.951081783935816696e-28
4.848573944805607655e-29
1.470838865958999280e-28
5.225282054059077296e-29
5.665633912255693023e-27
5.113498250727208030e-29
1.486121654718928306e-28
4.915372952959346523e-29
2.950696714524845361e-28
5.597822896191246399e-29
1.658231931274605686e-28
7.079333104610122322e-29
6.772614676324296252e-28
7.655238066332405774e-29
1.763114099989385963e-28
5.492469025007087291e-29
2.996684375102452571e-28
5.011298350401548390e-29
1.500549278347099019e-28
5.355214640731013709e-29
1.499748277136641668e-27
5.122416353632069885e-29
1.496495243750347880e-28
5.043169182920816861e-29
3.011975926871362923e-28
5.246671081792119309e-29
1.616147048021664947e-28
7.116875789592408894e-29
7.000140840583762419e-28
7.674360022285999753e-29
1.699027440159140808e-28
6.027896828920462582e-29
2.934235782956973481e-28
5.445051133559897009e-29
1.543275633075235688e-28
5.663873884113415870e-29
1.955156239736192732e-27
6.072818311616074771e-29
1.532486625047024679e-28
6.252059223604824028e-29
3.320265337056793109e-28
6.720579243128951073e-29
2.578916146211271886e-28
9.844048440395898383e-29
7.800916497478244188e-28
1.293567850629897501e-28
3.057164176351883357e-28
1.954357209950143382e-28
3.517381713873055654e-28
2.844194565210782717e-27
2.682762421867038838e-21
2.656564001364730146e-15
9.071766328851484568e-11
1.546769307154790083e-06
3.937362619831791602e-03
4.251566118720057297e+00
4.799927389950285672e+00
4.368137411744631891e+02
3.443010699884197038e+03
2.646032501766747828e+03
3.314366690617646782e+03
3.142798331387787130e+03
2.767123255078307466e+03
1.274910260941100432e+03
2.650059678740285474e+00
1.683376558419008072e-06
4.829405955925323986e-09
4.561812390804824535e-12
