1.951624830449076602e+06
4.305141506072272321e-12
4.595519904835306850e-09
1.749902107931348181e-06
2.620068625141459773e+00
1.271359393564535139e+03
2.602306359497366884e+03
3.131428217116629639e+03
3.277672144970666977e+03
2.575387271123821847e+03
3.254453502419748020e+03
3.974271516683566006e+02
4.163197775704728265e+00
3.647539741263365443e+00
3.341881495102852484e-03
1.274800019652467808e-06
7.348338269348295959e-11
2.132364602686656089e-15
2.109718594853147738e-21
2.196905649518539781e-27
3.478006805358347071e-28
1.840702570970647239e-28
2.887302960325849387e-28
1.217054531124929483e-28
7.828649114814433010e-28
1.023551392807423661e-28
2.550653390818972770e-28
6.762340168382090709e-29
3.286902759961744187e-28
6.175611428342887865e-29
1.529349960898223098e-28
6.239450275815025403e-29
1.962218213957546766e-27
5.567162590352043925e-29
1.557695028488689742e-28
5.744584012019706355e-29
2.940576541013203681e-28
6.060558774064081267e-29
1.618283835987940610e-28
6.853230102851958854e-29
6.991250659958044000e-28
6.616619307734170798e-29
1.602079509337385890e-28
5.237863708922054126e-29
2.959086733001358339e-28
4.941451439129944047e-29
1.491290431748942751e-28
5.403921487260214837e-29
1.486954933907464992e-27
5.017382093503644449e-29
1.531547300306846928e-28
4.983008713446903343e-29
2.958644334658754521e-28
5.475631680535815300e-29
1.671495250717085967e-28
7.577242545177953284e-29
6.790077727128349194e-28
6.981148059811010818e-29
1.687612934537994021e-28
5.593726328296133217e-29
2.973579308360510689e-28
4.824565640475800338e-29
1.461373111066900932e-28
5.158703494425784011e-29
5.759238509854690048e-27
4.966213827568635001e-29
1.472887757637931408e-28
4.891879583597591042e-29
2.973558655484903629e-28
5.528090474924390563e-29
1.619583701283723416e-28
6.929531178192515861e-29
6.790077727128349194e-28
7.382255486683344796e-29
1.735861002190615988e-28
5.430576357308155704e-29
2.958975158400308956e-28
4.961525399441933811e-29
1.487239610377663320e-28
5.315002026639169931e-29
1.486954933907464992e-27
5.172708153372859381e-29
1.475650148166794721e-28
5.015048651562075779e-29
2.959198159007605598e-28
5.238066167560115579e-29
1.593905625770896348e-28
6.996136852197261399e-29
6.991250659958044000e-28
7.576024821237496608e-29
1.682602608621421195e-28
5.897224734684426400e-29
2.940770265494790720e-28
5.320043779573003875e-29
1.524667526167115760e-28
5.685096266791438830e-29
1.962218213957546766e-27
5.956472692281795504e-29
1.504140279714923334e-28
6.200582658560494771e-29
3.287425858727887151e-28
6.628578578846600829e-29
2.532639712179767077e-28
9.820909896826504602e-29
7.828649114814433010e-28
1.222758450645277000e-28
2.888075693024730025e-28
1.795356507275100175e-28
3.477820059187442683e-28
2.202594115261448071e-27
2.109720862377681571e-21
2.132364612030865761e-15
7.348338269348295959e-11
1.274800019652535571e-06
3.341881495102858989e-03
3.647539741263366331e+00
4.163197775704727377e+00
3.974271516683566006e+02
3.254453502419747565e+03
2.575387271123820483e+03
3.277672144970666977e+03
3.131428217116629639e+03
2.602306359497366884e+03
1.271359393564535139e+03
2.620068625141459773e+00
1.749902107931290159e-06
4.595519904841182314e-09
4.305141505933510350e-12
