1.980651599033117294e+06
3.689236148381390041e-12
3.772503089938953102e-09
1.753834729006152772e-06
2.259418826934295410e+00
1.217684213659631951e+03
2.071029157810244669e+03
3.248339664474385700e+03
2.924475843913669905e+03
2.269089871212222533e+03
2.249874132106729121e+03
2.810604016514292880e+02
2.487235477416705365e+00
1.710134600694307005e+00
1.244695622226350612e-03
3.954349584392435727e-07
2.156944233639967648e-11
6.167920560836421867e-16
6.328838333130574477e-22
6.132968001228426270e-28
3.442864635851046162e-28
1.337932798444151879e-28
2.619193745973101952e-28
1.092615139518020384e-28
7.788439878185070395e-28
8.649042799417242269e-29
2.218146255125742739e-28
6.405416656322767008e-29
3.128508355430250724e-28
5.642740735261766618e-29
1.470558569564487232e-28
6.061533109832605570e-29
1.937957371174213394e-27
5.230143127295722668e-29
1.508662272131935234e-28
5.460581029551250216e-29
2.896258217929692986e-28
5.690390222939486242e-29
1.517891505157482569e-28
6.314462431479753868e-29
6.763043547404571919e-28
6.369662963052950372e-29
1.518051055532604089e-28
4.932930494045374834e-29
2.950491153616950586e-28
4.645332125566528424e-29
1.450563721586543878e-28
5.082280927064931040e-29
1.498744691947498004e-27
4.795626522765847759e-29
1.452991823304723358e-28
4.799637300323158639e-29
2.894840731823421846e-28
5.241097880751043151e-29
1.586242817615307021e-28
7.153428762586746773e-29
6.635989090637405642e-28
6.750198845708037639e-29
1.617188202538377234e-28
5.306303595808367189e-29
2.887358878119491196e-28
4.663070323323866779e-29
1.416110205355320349e-28
5.012564230577302452e-29
5.727032528950080155e-27
4.836604505121418307e-29
1.429332742813530888e-28
4.752844296399987877e-29
2.887227856890899135e-28
5.248861971884031764e-29
1.564754885757649911e-28
6.718304648028497110e-29
6.635989090637405642e-28
7.105703806118246073e-29
1.630714962025590061e-28
5.088709026703879218e-29
2.894870264666153639e-28
4.780921715363439435e-29
1.420016975418483553e-28
5.020119093607422783e-29
1.498744691947498004e-27
4.870710992331306042e-29
1.437023749092711236e-28
4.715856945917652947e-29
2.950758659429488773e-28
4.953787787748686696e-29
1.515242346588200202e-28
6.518689131967819217e-29
6.763043547404571919e-28
7.065843321670884642e-29
1.568051784466218824e-28
5.521542946465180340e-29
2.896312369382263260e-28
5.071068571826859212e-29
1.483838024487117689e-28
5.290544620687100574e-29
1.937957371174213394e-27
5.796242796477950882e-29
1.453886118286854899e-28
5.679027161884629806e-29
3.128581003734315324e-28
6.287245480153015605e-29
2.205206704463553967e-28
8.254215305840701366e-29
7.788439878185070395e-28
1.067873435127625399e-28
2.621129488366377865e-28
1.287786346853484226e-28
3.442628965735899235e-28
6.146999144812245032e-28
6.328930807637085804e-22
6.167920567809126924e-16
2.156944233639967648e-11
3.954349584391711514e-07
1.244695622226355816e-03
1.710134600694307672e+00
2.487235477416705365e+00
2.810604016514293448e+02
2.249874132106729121e+03
2.269089871212222533e+03
2.924475843913669905e+03
3.248339664474386609e+03
2.071029157810244669e+03
1.217684213659631723e+03
2.259418826934295854e+00
1.753834729006298462e-06
3.772503089924419539e-09
3.689236148604400034e-12
