1.991357396567493444e+06
3.388629155286261066e-12
3.634703327624826163e-09
1.674474550661009080e-06
2.245618922229494441e+00
1.164648546283732685e+03
2.003998182689302212e+03
3.044119247860702217e+03
2.881444123938108532e+03
2.325592953586604381e+03
2.176163919023098060e+03
2.733922984808293108e+02
2.395761048730755238e+00
1.572939016172886895e+00
1.088858873534070439e-03
3.410068617392581720e-07
1.932050574804948268e-11
5.633045791465093639e-16
5.876104839335249474e-22
5.447487945653366450e-28
3.413676268899135573e-28
1.220800882603083890e-28
2.476936161868828163e-28
1.075876733982099772e-28
7.702448414955328912e-28
8.542297743444856032e-29
2.085697483311617121e-28
6.579148799108800588e-29
3.139594562475626491e-28
5.547135452442058190e-29
1.465190577192971880e-28
6.023650871340972641e-29
1.971458365626919378e-27
5.120431950910164841e-29
1.483916513612107347e-28
5.344825360511072190e-29
2.906075565727539463e-28
5.606304920582050761e-29
1.527577012379741073e-28
6.233535636899537914e-29
6.799556928140190203e-28
6.140986159151666956e-29
1.509378981572398601e-28
4.865664647603719204e-29
2.917783097160468116e-28
4.655578143303016116e-29
1.454339163751267034e-28
5.049746963764341217e-29
1.485171785088981737e-27
4.812418156272570697e-29
1.457504966175308082e-28
4.705385747960986744e-29
2.934545467595856088e-28
5.103510976649159505e-29
1.555779932318336924e-28
7.114739136879667279e-29
6.604252854617753146e-28
6.654322425494319687e-29
1.587162598478430442e-28
5.290083828830699871e-29
2.896025541734909061e-28
4.646210104801220773e-29
1.419233480840193351e-28
4.866194794491949826e-29
5.865426882127633050e-27
4.738253238941494751e-29
1.433893062701098405e-28
4.733237337250891930e-29
2.896016513776408676e-28
5.213147756930569014e-29
1.535439522851920854e-28
6.512135396970510477e-29
6.604252854617753146e-28
7.032820416688171415e-29
1.600579494099199854e-28
5.059367712469306534e-29
2.934469439135741145e-28
4.698978667975043521e-29
1.417687553921453140e-28
5.018527118454013371e-29
1.485171785088981737e-27
4.812505842818298387e-29
1.438897083617251144e-28
4.710485170719374230e-29
2.917534627293186053e-28
4.860711442921497839e-29
1.495241562844262637e-28
6.366800271789783239e-29
6.799556928140190203e-28
6.941092625419814710e-29
1.578849165608723668e-28
5.411788679974963664e-29
2.906207676559177686e-28
5.007545663409040888e-29
1.461346817281527175e-28
5.205952997903966091e-29
1.971458365626919378e-27
5.799231047991050133e-29
1.446423998047579681e-28
5.575091169787571043e-29
3.139618383098804815e-28
6.472653749240808672e-29
2.073922761296493989e-28
8.141310739777662389e-29
7.702448414955328912e-28
1.058131821279099651e-28
2.487348260273940172e-28
1.161154734104814304e-28
3.413333439736121606e-28
5.451722474435793959e-28
5.876209605141749823e-22
5.633045775876087886e-16
1.932050574804948268e-11
3.410068617391327052e-07
1.088858873534073691e-03
1.572939016172887117e+00
2.395761048730756126e+00
2.733922984808293677e+02
2.176163919023098515e+03
2.325592953586604835e+03
2.881444123938108532e+03
3.044119247860702217e+03
2.003998182689302212e+03
1.164648546283732912e+03
2.245618922229493997e+00
1.674474550661125970e-06
3.634703327608786717e-09
3.388629155495176273e-12
