2.015651336189617170e+06
2.805533965825036980e-12
3.368383801646938805e-09
1.496273562225539246e-06
2.309607454479622568e+00
9.954704253526668936e+02
1.904227496221479441e+03
2.948726217919735973e+03
2.559752674045782442e+03
2.337535218264478772e+03
2.112565385743972456e+03
2.425771466196580946e+02
2.049907700745408512e+00
1.224093449224359142e+00
7.695794904244215038e-04
2.258268622234766499e-07
1.316660358191135383e-11
3.865561000692456444e-16
3.987968369519163322e-22
3.402316019619263415e-28
3.303392617743337055e-28
1.124338249006964871e-28
2.407156265020528090e-28
9.405714687111162747e-29
7.314045229332808520e-28
8.193538125764828492e-29
2.003350169543557736e-28
6.090138197899430873e-29
3.041061765543678593e-28
5.413485112315260198e-29
1.452769957565944996e-28
5.517611524479715623e-29
1.892913987471107647e-27
4.952786571671992713e-29
1.469258961483661995e-28
5.300435538625773695e-29
2.883919008114295385e-28
5.540239177575675778e-29
1.514107321695645815e-28
6.067190736307431317e-29
6.606222866090386567e-28
5.954953314361564276e-29
1.515631205246508911e-28
4.781904411604881916e-29
2.902368462522772694e-28
4.507651346347794403e-29
1.434799449377322427e-28
4.958785449315632604e-29
1.468278141263373294e-27
4.660657305248016981e-29
1.447845467265711624e-28
4.642352917930042017e-29
2.889676640591542833e-28
4.901108537759627219e-29
1.546654543639614715e-28
6.940491344426132557e-29
6.562947568943799388e-28
6.343574586788775861e-29
1.567160716560306904e-28
5.096870872652007795e-29
2.851487980845768798e-28
4.476036864227468618e-29
1.405118599515805362e-28
4.777378756154080550e-29
5.643584567674255861e-27
4.622102632369726176e-29
1.413111154704255929e-28
4.555043624245316170e-29
2.851317249388757627e-28
5.054815477313887201e-29
1.521340202334807721e-28
6.351088557947645066e-29
6.562947568943799388e-28
6.810607849657658506e-29
1.597253644752218304e-28
4.796581510432611502e-29
2.889804107415948203e-28
4.638841228685520269e-29
1.414490942389952971e-28
4.925379460680370049e-29
1.468278141263373294e-27
4.728270416412395767e-29
1.422221283082946889e-28
4.573888094230490796e-29
2.902458970722922122e-28
4.773501679096316046e-29
1.506869385300288037e-28
6.249974088826401294e-29
6.606222866090386567e-28
6.778943279519808261e-29
1.554645476015727272e-28
5.334620764195435644e-29
2.883883015456927016e-28
4.935123264533468075e-29
1.448143832837467648e-28
5.029570513529612769e-29
1.892913987471107647e-27
5.308834474636001335e-29
1.432121061688566602e-28
5.443303830164139075e-29
3.041133580145483269e-28
6.054209787882036371e-29
1.986686188253918336e-28
7.819286421728106804e-29
7.314045229332808520e-28
9.260713830016035903e-29
2.411188183551769118e-28
1.068090780085799907e-28
3.303452175842289171e-28
3.402124486645247756e-28
3.988077911285803321e-22
3.865560970889711020e-16
1.316660358191135383e-11
2.258268622233850380e-07
7.695794904244238890e-04
1.224093449224359365e+00
2.049907700745408512e+00
2.425771466196581230e+02
2.112565385743972456e+03
2.337535218264478772e+03
2.559752674045782442e+03
2.948726217919736882e+03
1.904227496221479441e+03
9.954704253526668936e+02
2.309607454479622568e+00
1.496273562225556610e-06
3.368383801624161146e-09
2.805533966025072516e-12
