1.951035784141130513e+06
5.788805821445121708e-12
5.922863468475960570e-09
1.427393212910049687e-06
3.051394405457610759e+00
1.236005214363862933e+03
3.288076486956577355e+03
3.111479292333308877e+03
3.475719999872589597e+03
2.889272298445558135e+03
3.908645318073888575e+03
5.406821168016265347e+02
7.063585663346375831e+00
6.279666241378198066e+00
5.885188959822363480e-03
2.540573044480079979e-06
1.576345344733687584e-10
4.749543248217549526e-15
5.336113322574008046e-21
6.115830540548194231e-27
3.702916929637267478e-28
2.219322328354143110e-28
3.763204969629832652e-28
1.394659045261171574e-28
8.568744111833295791e-28
1.157503915114062173e-28
2.833863682107131277e-28
7.299300597772699021e-29
3.351087425245556831e-28
6.334976470610505331e-29
1.587314859134607920e-28
6.732654658268032090e-29
2.005056636687408267e-27
5.844494442488814898e-29
1.635934272900269448e-28
5.903263148351777646e-29
3.003920450832692855e-28
6.354478741216849516e-29
1.681366842293542349e-28
7.357994849011491435e-29
7.180787275113663137e-28
7.172667754395783689e-29
1.644362397010391745e-28
5.402253249069956905e-29
3.014020014796265250e-28
5.183551136695906919e-29
1.558041230873247892e-28
5.619906767912547647e-29
1.527013442497263733e-27
5.260352980508554527e-29
1.582604309353089786e-28
5.214535547273152014e-29
3.020089043521539762e-28
5.756053446151388552e-29
1.769730219351902897e-28
8.382656036784283370e-29
6.915033979675249189e-28
7.312165547734490139e-29
1.807962857080720728e-28
5.875072562331614177e-29
2.983240942021278966e-28
5.075277642025196562e-29
1.500582629319311778e-28
5.297457963172066427e-29
5.841671206279648829e-27
5.151938180268306179e-29
1.512241834443690167e-28
5.127949223864247367e-29
2.983126060866193673e-28
5.785256160076215593e-29
1.732707985301860721e-28
7.261249936379407968e-29
6.915033979675249189e-28
8.139609441312846969e-29
1.844162358929686775e-28
5.668614897798396511e-29
3.020154181978501986e-28
5.181545564607453931e-29
1.526780545187840449e-28
5.484556843093230172e-29
1.527013442497263733e-27
5.374513765980335319e-29
1.537921934210300600e-28
5.248452371013285890e-29
3.014863445777468036e-28
5.361508356371218990e-29
1.629440269049770894e-28
7.414028666718012955e-29
7.180787275113663137e-28
8.258636674916876751e-29
1.762409539638890578e-28
6.056974044328163415e-29
3.004079432053815170e-28
5.533950801860241614e-29
1.600601906585317041e-28
6.026768849312886176e-29
2.005056636687408267e-27
6.462668974232478618e-29
1.552933099543082263e-28
6.400295714021197660e-29
3.351403761751566720e-28
7.172755220594105103e-29
2.801961514415457175e-28
1.115941362018376337e-28
8.568744111833295791e-28
1.422990227998506028e-28
3.780902804122321934e-28
2.159194436212265245e-28
3.703239028483244306e-28
6.118281658522543609e-27
5.336131648585538984e-21
4.749543278450653974e-15
1.576345344733687584e-10
2.540573044480578458e-06
5.885188959822380828e-03
6.279666241378198954e+00
7.063585663346375831e+00
5.406821168016265347e+02
3.908645318073888575e+03
2.889272298445558135e+03
3.475719999872589597e+03
3.111479292333309331e+03
3.288076486956576900e+03
1.236005214363862933e+03
3.051394405457610759e+00
1.427393212909931738e-06
5.922863468485186116e-09
5.788805821316390917e-12
