2.037235032826963579e+06
2.422677486044405365e-12
3.105732639577111316e-09
1.361354980043648200e-06
2.281754625990688012e+00
9.218160899116543305e+02
1.772781035394506944e+03
2.979175432104146239e+03
2.333817658246055544e+03
2.224451237647243943e+03
1.954895210222109426e+03
2.149468290855471082e+02
1.835683125991280917e+00
1.060833052455361747e+00
6.318476976236542079e-04
1.743156466952846624e-07
1.003626762088217520e-11
2.880223202364053141e-16
2.855017671786811816e-22
2.402407747679488412e-28
3.257955520926792816e-28
1.069209547960329226e-28
2.292081072159331738e-28
8.694072683872105279e-29
6.967233980203267484e-28
7.557967104507059341e-29
1.933964674399706739e-28
5.822875254121398066e-29
3.041007686890968842e-28
5.372426720507764444e-29
1.443732524969016155e-28
5.279955871407262210e-29
1.925578410350175399e-27
4.910643576215468173e-29
1.429467623543823174e-28
5.139935566283557528e-29
2.868351549252151421e-28
5.375218023935424184e-29
1.486907640975183093e-28
5.847938716445003632e-29
6.568872218858730731e-28
5.892797061991896559e-29
1.476469861741387039e-28
4.714866610959583691e-29
2.860452092540100055e-28
4.446270687576829709e-29
1.417088071311077597e-28
4.841108292996808689e-29
1.473502187315798129e-27
4.592950323941300958e-29
1.442506372809980380e-28
4.521194728964251222e-29
2.859730223972802999e-28
4.859987109406323901e-29
1.514581597262559466e-28
6.753778603049793869e-29
6.473106228092863574e-28
6.432122324926612170e-29
1.548181793550223716e-28
4.977287230234988882e-29
2.858929442681341194e-28
4.439977708883644189e-29
1.394520241073279505e-28
4.735530426692774994e-29
5.595961690613774136e-27
4.592281311129880063e-29
1.407191124848913079e-28
4.505209069025979228e-29
2.858810183134221431e-28
4.930965231532484672e-29
1.513332715243225418e-28
6.283175284313067590e-29
6.473106228092863574e-28
6.622501478072027630e-29
1.549191117168189096e-28
4.765062331472337293e-29
2.859682384117536176e-28
4.529646036573884067e-29
1.408530781019727203e-28
4.814271069522875899e-29
1.473502187315798129e-27
4.596295849868661710e-29
1.405034463133415610e-28
4.505762136940657037e-29
2.860389484554660986e-28
4.699270077593999469e-29
1.464945841272562610e-28
6.113952407479842879e-29
6.568872218858730731e-28
6.618913391947581786e-29
1.527996728168611067e-28
5.086298354714464389e-29
2.868319979195291779e-28
4.752533884372626853e-29
1.413808972456037397e-28
5.031106529386732288e-29
1.925578410350175399e-27
5.052697741784241682e-29
1.428712849884037400e-28
5.365191488719391010e-29
3.040890320091028342e-28
5.761013695788265641e-29
1.916555643728084814e-28
7.247904632091003100e-29
6.967233980203267484e-28
8.592266751120754159e-29
2.294988807481910221e-28
1.016423419866056945e-28
3.258028498414502385e-28
2.400430257573267402e-28
2.855114865988935384e-22
2.880223171372151671e-16
1.003626762088217520e-11
1.743156466951898741e-07
6.318476976236563764e-04
1.060833052455361525e+00
1.835683125991280917e+00
2.149468290855470798e+02
1.954895210222109426e+03
2.224451237647243943e+03
2.333817658246055544e+03
2.979175432104146239e+03
1.772781035394506944e+03
9.218160899116543305e+02
2.281754625990688901e+00
1.361354980043627024e-06
3.105732639545317388e-09
2.422677486183208130e-12
