1.952252283612857806e+06
4.263159953691909985e-12
4.525851934653848567e-09
1.766158757343530436e-06
2.609126813561776004e+00
1.273471701936334057e+03
2.552973232540718527e+03
3.132978937083499204e+03
3.243351685902910958e+03
2.540704789240672653e+03
3.189897866022840844e+03
3.845841591792591316e+02
3.958102714651432930e+00
3.443030461892220728e+00
3.137176101532300563e-03
1.185956727912871123e-06
6.801827241958545192e-11
1.969162874936830492e-15
1.941410345492225135e-21
2.002615397519203471e-27
3.441704864902941965e-28
1.770460674650021289e-28
2.850547078533473756e-28
1.210471558839116905e-28
7.825991144545177364e-28
1.029786090309441715e-28
2.549538966336330032e-28
6.736710356744106305e-29
3.283810318349202738e-28
6.187190598334140632e-29
1.540027232956236161e-28
6.294089469449614599e-29
1.959384563357475710e-27
5.576382154469168003e-29
1.564347572482128136e-28
5.788042068512773962e-29
2.924791940358179223e-28
6.069286678013193451e-29
1.587225323251651571e-28
6.728427119680623727e-29
6.995577486223588603e-28
6.694804065075804739e-29
1.612782864039859566e-28
5.270397235986115152e-29
2.968899831160898727e-28
4.939791560231688038e-29
1.495816553953710400e-28
5.292525113030336714e-29
1.499172520345783844e-27
5.047067782304484139e-29
1.504138239823697502e-28
4.988228836419719755e-29
2.983745691767656126e-28
5.464376374329244531e-29
1.668508163108001758e-28
7.715071082387477657e-29
6.788292529355678211e-28
6.968364653671808858e-29
1.694980833520122485e-28
5.646838928569720372e-29
2.928222626820691739e-28
4.878242024258707886e-29
1.454052294434513372e-28
5.100625252485914269e-29
5.793406720722331098e-27
4.949821687208479066e-29
1.466636582911069799e-28
4.932597224858402679e-29
2.928188922834789532e-28
5.570870627486885881e-29
1.641696970049265284e-28
6.928974492078216506e-29
6.788292529355678211e-28
7.491131925144826366e-29
1.733681124184809794e-28
5.413136720925763630e-29
2.984158119546885944e-28
4.958925648953179627e-29
1.463873786977100535e-28
5.284373763255489172e-29
1.499172520345783844e-27
5.071978553172017898e-29
1.480034383535607961e-28
5.006205095579836920e-29
2.969321928563274331e-28
5.264071008680484772e-29
1.601163098724286218e-28
7.033991464871051003e-29
6.995577486223588603e-28
7.470544450426794264e-29
1.645144235670949770e-28
5.873546211954432934e-29
2.924791084397025008e-28
5.363476235597837460e-29
1.538708290250415145e-28
5.674827926804508122e-29
1.959384563357475710e-27
5.961651552476753684e-29
1.510036224631830343e-28
6.197845754913577781e-29
3.284133108942243293e-28
6.604792643410916352e-29
2.525262270144280736e-28
9.890305992562134729e-29
7.825991144545177364e-28
1.215775401719286145e-28
2.843395734394059616e-28
1.729185769452054703e-28
3.441849061549556800e-28
2.007214652470348245e-27
1.941412348078130970e-21
1.969162884160916765e-15
6.801827241958545192e-11
1.185956727912911992e-06
3.137176101532308369e-03
3.443030461892222061e+00
3.958102714651432930e+00
3.845841591792591316e+02
3.189897866022840844e+03
2.540704789240672653e+03
3.243351685902910958e+03
3.132978937083499204e+03
2.552973232540718527e+03
1.273471701936334057e+03
2.609126813561776004e+00
1.766158757343487237e-06
4.525851934659048224e-09
4.263159953577747751e-12
