1.953901879627782619e+06
4.251511345489747524e-12
4.414466136296854391e-09
1.790418805709582125e-06
2.594568571089898690e+00
1.276205103746866371e+03
2.462747750656239077e+03
3.150480712424940975e+03
3.140474802275299226e+03
2.472306992591078597e+03
3.048112940271085790e+03
3.610731544909613717e+02
3.573194427671401829e+00
3.045937726635219001e+00
2.735201401019853214e-03
1.016108202172847026e-06
5.773742988846051888e-11
1.665124688240036796e-15
1.637094938397397880e-21
1.656804427577839600e-27
3.435175150887805618e-28
1.705354996420055917e-28
2.833547898353542899e-28
1.167271431585447720e-28
7.967309051334955369e-28
1.030478188921978527e-28
2.554197948891755840e-28
6.664220420666095107e-29
3.278653416939603321e-28
6.138676481862891029e-29
1.520028572908814492e-28
6.248093345561337061e-29
1.972994925684438253e-27
5.523574695937410326e-29
1.557669686555412901e-28
5.728084752401809433e-29
2.930616087815747048e-28
5.976653339670415189e-29
1.595329582546261968e-28
6.695751225276046242e-29
7.049459827319429359e-28
6.600198091756616651e-29
1.605773287761730317e-28
5.235190980455276153e-29
2.953898416187401216e-28
4.894702925224954510e-29
1.485098108103596861e-28
5.367667928196704478e-29
1.487486598752065307e-27
5.029358145600987472e-29
1.510466678687819131e-28
4.925096575609872352e-29
2.984108510713782335e-28
5.486195643886627337e-29
1.650670537383623938e-28
7.580548345354863178e-29
6.811601636922635653e-28
7.052407071078540404e-29
1.701393539013924445e-28
5.626194746558508518e-29
2.937705985472088493e-28
4.793091439395596190e-29
1.460771610970487166e-28
5.130513779734603139e-29
5.666875842231547680e-27
4.972540511988309519e-29
1.472501702559061341e-28
4.876128492715715185e-29
2.937924400730043233e-28
5.526800881529478141e-29
1.641360413841015591e-28
7.007364079718733283e-29
6.811601636922635653e-28
7.404223354159765677e-29
1.742469106628937843e-28
5.409738206884863163e-29
2.984258000064811720e-28
4.914423026518513021e-29
1.468210210980221150e-28
5.282248021653651422e-29
1.487486598752065307e-27
5.141849809286421968e-29
1.473242857046624790e-28
4.950273010800940258e-29
2.954431422375269915e-28
5.206864833213332337e-29
1.592618967618125490e-28
6.887862590829715453e-29
7.049459827319429359e-28
7.437061710476891210e-29
1.644945898497937210e-28
5.784217017921111651e-29
2.930963999588402574e-28
5.320062373064055794e-29
1.528758973852265173e-28
5.659293555696520401e-29
1.972994925684438253e-27
5.957322082246537493e-29
1.497063111352859405e-28
6.137867899199419625e-29
3.278947882139209417e-28
6.517860147669147974e-29
2.536701220308252752e-28
9.935628416300043977e-29
7.967309051334955369e-28
1.171686919423712112e-28
2.827070422959831040e-28
1.665871846464661797e-28
3.435344039877739827e-28
1.658240452507227792e-27
1.637096291891306529e-21
1.665124697497300389e-15
5.773742988846051888e-11
1.016108202172755970e-06
2.735201401019860586e-03
3.045937726635219445e+00
3.573194427671401829e+00
3.610731544909613717e+02
3.048112940271085336e+03
2.472306992591079052e+03
3.140474802275299226e+03
3.150480712424940066e+03
2.462747750656238622e+03
1.276205103746866371e+03
2.594568571089898690e+00
1.790418805709565185e-06
4.414466136300578358e-09
4.251511345363976489e-12
