1.963554640661129961e+06
4.175099992883564707e-12
4.091940552477140829e-09
1.828287188770138911e-06
2.428454228706797835e+00
1.265272812335208982e+03
2.270480016984336544e+03
3.301405007086388650e+03
2.884674874747640388e+03
2.335013870762864371e+03
2.494146108784742864e+03
3.014516265628395786e+02
2.734215323561614230e+00
2.095381768292648328e+00
1.723689816003499617e-03
5.922495818897364192e-07
3.208528349222258008e-11
9.024458160395574155e-16
8.851996886772499955e-22
8.540798203796444041e-28
3.435743849162146945e-28
1.522099306599882702e-28
2.787340565822475463e-28
1.081810099122371782e-28
7.758595833009768713e-28
9.665621582818845250e-29
2.459801766429247207e-28
6.485028293851941571e-29
3.227263835495114163e-28
5.930508934460779929e-29
1.504476410209747288e-28
6.127753435267052380e-29
1.956381968042305169e-27
5.305281207089952197e-29
1.516608279739771392e-28
5.599904492135308558e-29
2.905526686397717493e-28
5.815832595325770765e-29
1.560469722246993033e-28
6.708576258348456522e-29
6.883497283277315397e-28
6.617879410912161306e-29
1.550435800947467867e-28
5.057378280410308648e-29
2.931090682703646012e-28
4.755102261097070860e-29
1.472955033462172871e-28
5.233567704532397566e-29
1.489201746438346580e-27
4.879722537493480324e-29
1.494074820231768487e-28
4.865150230012515531e-29
2.934268472678878739e-28
5.234934096584096034e-29
1.612899080209095729e-28
7.443623359962570350e-29
6.677967350877756797e-28
6.978467818175745271e-29
1.651496421309300490e-28
5.534716323352690433e-29
2.927801840802655970e-28
4.736270453339143514e-29
1.429524423024507948e-28
4.961937442472540942e-29
5.546442866007152030e-27
4.803160862249790017e-29
1.444121346783791265e-28
4.808674826257915498e-29
2.927952975388628553e-28
5.452492021002468142e-29
1.593075997519396975e-28
6.891919817344532168e-29
6.677967350877756797e-28
7.312683645249733095e-29
1.661142143595179672e-28
5.184898841774449778e-29
2.934292088288670322e-28
4.839917770308007495e-29
1.458519829323641404e-28
5.144088071134984044e-29
1.489201746438346580e-27
5.007159378743742793e-29
1.459059906644922963e-28
4.816356031363764902e-29
2.931290729394377402e-28
5.050491519126032406e-29
1.540848972363131292e-28
6.876784834076323310e-29
6.883497283277315397e-28
7.447606515093838239e-29
1.614068026762080319e-28
5.570084229553654237e-29
2.905615580759137784e-28
5.235128448774255606e-29
1.490353246270517927e-28
5.364071658207138870e-29
1.956381968042305169e-27
5.800189092364273936e-29
1.480649733723227215e-28
5.966362366492438324e-29
3.227459677230008195e-28
6.380212756115351113e-29
2.445723471964885706e-28
9.305315398089342329e-29
7.758595833009768713e-28
1.067176592818602967e-28
2.789045456268388684e-28
1.489857484577860973e-28
3.435849901853199880e-28
8.522433706535651861e-28
8.852052021290020574e-22
9.024458215316092070e-16
3.208528349222258008e-11
5.922495818896941734e-07
1.723689816003503954e-03
2.095381768292648328e+00
2.734215323561614230e+00
3.014516265628395786e+02
2.494146108784742864e+03
2.335013870762863917e+03
2.884674874747640388e+03
3.301405007086388650e+03
2.270480016984336089e+03
1.265272812335209210e+03
2.428454228706797835e+00
1.828287188770215991e-06
4.091940552468148548e-09
4.175099992897096865e-12
