1.965381105697181309e+06
4.132989112244094264e-12
4.041647819879104870e-09
1.825985302575529466e-06
2.395033803653358717e+00
1.262195441856637899e+03
2.249495305212043604e+03
3.324500308150288220e+03
2.879023194569977932e+03
2.303990860475021236e+03
2.436566238841283848e+03
2.966203469210852290e+02
2.680428253354421919e+00
2.025893527781727155e+00
1.640965225288331048e-03
5.562854314437314010e-07
2.993919471247319143e-11
8.391423485034676898e-16
8.236605692345289646e-22
8.057992461993133200e-28
3.448445716635547961e-28
1.499665808378451821e-28
2.787589168107840585e-28
1.074497062166014574e-28
7.842559350423824188e-28
9.509610683244715153e-29
2.430145162710044733e-28
6.487106266111739792e-29
3.238204085669301407e-28
5.819142919294563033e-29
1.490442376247240677e-28
6.141870019686952958e-29
1.973280976014414684e-27
5.311121316695704579e-29
1.526252219618778690e-28
5.635146402336091160e-29
2.927625159700664831e-28
5.719458925247264409e-29
1.553965658290270326e-28
6.636654788527959010e-29
6.872832535771052219e-28
6.538141574431515810e-29
1.552981202936981659e-28
5.068636097709918079e-29
2.909603772182924831e-28
4.773834847570937896e-29
1.474460267322581794e-28
5.272599385758045678e-29
1.503068522884309808e-27
4.887996621534870688e-29
1.497650188294916375e-28
4.835412535399604305e-29
2.931198730085136598e-28
5.285360586132998889e-29
1.597608832808982071e-28
7.359016949475349559e-29
6.686449138851164204e-28
7.032726541804309330e-29
1.634003525479544153e-28
5.569559085429384272e-29
2.915266217190197066e-28
4.690694120901153110e-29
1.430478256446643390e-28
4.992076709417460610e-29
5.786821170392791229e-27
4.830767772588530175e-29
1.447057077909007372e-28
4.767551691024104998e-29
2.915251829243686152e-28
5.441907800982172488e-29
1.577073652081022410e-28
6.901044828061977076e-29
6.686449138851164204e-28
7.285345517920603752e-29
1.655416802562180798e-28
5.182445922671789959e-29
2.931160922289704473e-28
4.809779946580211896e-29
1.458283903781383665e-28
5.136552014929441939e-29
1.503068522884309808e-27
5.043620289517517623e-29
1.457339733428700906e-28
4.849744384903364784e-29
2.909956802900754329e-28
5.071530656612375885e-29
1.544638326178511327e-28
6.777015879530005136e-29
6.872832535771052219e-28
7.495543566564570598e-29
1.604815814520395005e-28
5.542625011987990873e-29
2.928021690951360554e-28
5.269335923048641678e-29
1.503149069113099299e-28
5.397425406939131208e-29
1.973280976014414684e-27
5.809410944231363130e-29
1.468678410172602307e-28
5.832188637281622455e-29
3.238331634449268519e-28
6.360292691564992720e-29
2.418723650215079654e-28
9.023818808155907074e-29
7.842559350423824188e-28
1.062265290327015083e-28
2.776271757200618994e-28
1.460660262088537086e-28
3.448430314028515679e-28
8.052360790385287780e-28
8.236669427068475696e-22
8.391423552876696997e-16
2.993919471247319143e-11
5.562854314436828025e-07
1.640965225288335818e-03
2.025893527781727599e+00
2.680428253354422363e+00
2.966203469210852290e+02
2.436566238841284303e+03
2.303990860475022146e+03
2.879023194569977932e+03
3.324500308150287765e+03
2.249495305212043604e+03
1.262195441856637899e+03
2.395033803653358717e+00
1.825985302575645297e-06
4.041647819869247359e-09
4.132989112294278440e-12
