1.952127970486346167e+06
5.914806741215082249e-12
6.241258686637830277e-09
1.392560353258782628e-06
3.210908676147728347e+00
1.245795453136248398e+03
3.304104272737895371e+03
3.084682939913170685e+03
3.537017487123330739e+03
2.923936938605047089e+03
3.956673901648446645e+03
5.493324401223671885e+02
7.316918291581151479e+00
6.452658875182932796e+00
5.980426864620504157e-03
2.595516641450015564e-06
1.620591337786418005e-10
4.894124068733810399e-15
5.576694611500965176e-21
6.534185311135273663e-27
3.746510524962396587e-28
2.281088476714752502e-28
3.734869642142140659e-28
1.338813747985276830e-28
8.682895532285543792e-28
1.165102114308755659e-28
2.894814445601450724e-28
7.351842791785901965e-29
3.402545238809561002e-28
6.363065031095716053e-29
1.606497997828599063e-28
6.779723387346110687e-29
2.017100307098026505e-27
5.875593545882293484e-29
1.645785712406830667e-28
5.936464371031155200e-29
3.012307836274379541e-28
6.403088539551422709e-29
1.692470993352454998e-28
7.462040453650516332e-29
7.198766620364506074e-28
7.288111696645421188e-29
1.667723972416172891e-28
5.511353874264417220e-29
3.026445439746700433e-28
5.138834487106467163e-29
1.539706032583577001e-28
5.577758123310435550e-29
1.506900451909928133e-27
5.280349051926481035e-29
1.578872745236038304e-28
5.248615928444310228e-29
3.027878186173324564e-28
5.782656288775068661e-29
1.772503665531507928e-28
8.322233378176599997e-29
6.850390220377935391e-28
7.307459701336151412e-29
1.809029281823423585e-28
5.971266673390530513e-29
2.989068422116284615e-28
5.053227630682297592e-29
1.491933731945032173e-28
5.325695073378764405e-29
6.004263995887061862e-27
5.161689471349536654e-29
1.511353911590541982e-28
5.099952858457316382e-29
2.988990319338326111e-28
5.850202849627053166e-29
1.727701903987412501e-28
7.380012002449981754e-29
6.850390220377935391e-28
8.074779110107506343e-29
1.855062612771939167e-28
5.733824831092359618e-29
3.028049273476565955e-28
5.229976189204252734e-29
1.522750099115782407e-28
5.564660764933080970e-29
1.506900451909928133e-27
5.319772258042359062e-29
1.521381984438009205e-28
5.210019452063453109e-29
3.026953017699345523e-28
5.465426457260153403e-29
1.653735070885877394e-28
7.568814858529214817e-29
7.198766620364506074e-28
8.228571585913758957e-29
1.764644742598360935e-28
6.140758389634345639e-29
3.012483958354153753e-28
5.573931889280696841e-29
1.605273250992204797e-28
6.038649164090185934e-29
2.017100307098026505e-27
6.473569784448008654e-29
1.571388074562410868e-28
6.402456772812611967e-29
3.402695609129644340e-28
7.250936126436767357e-29
2.867751222178816575e-28
1.122492956921623640e-28
8.682895532285543792e-28
1.362543412571752076e-28
3.749854410235310849e-28
2.225899038762886028e-28
3.746189325744209386e-28
6.523608868501863333e-27
5.576720189453656372e-21
4.894124104982241940e-15
1.620591337786418005e-10
2.595516641450425104e-06
5.980426864620524974e-03
6.452658875182933684e+00
7.316918291581151479e+00
5.493324401223671885e+02
3.956673901648446645e+03
2.923936938605047089e+03
3.537017487123330739e+03
3.084682939913171140e+03
3.304104272737896281e+03
1.245795453136248398e+03
3.210908676147728347e+00
1.392560353258646679e-06
6.241258686646652158e-09
5.914806741088527654e-12
