1.975772484946893295e+06
3.806540558223682600e-12
3.842844695828107329e-09
1.784304006733594413e-06
2.285068895502285535e+00
1.235227205295515660e+03
2.118183434715799194e+03
3.334774549832648063e+03
2.919417201497582482e+03
2.252706162291472538e+03
2.296963624455603622e+03
2.848768369457887388e+02
2.529617198209805018e+00
1.786273947002399831e+00
1.338320205911190924e-03
4.302214193516746953e-07
2.312825023088453607e-11
6.534943378976716876e-16
6.594754941406012080e-22
6.508432421724526945e-28
3.452481652318950160e-28
1.372294464237752366e-28
2.697908030559337256e-28
1.099533299429875724e-28
7.896956046057342715e-28
9.093246861313346673e-29
2.314497812204010542e-28
6.369687699989079141e-29
3.171661319535975674e-28
5.731345058532450108e-29
1.464701669827831975e-28
6.123631159832072424e-29
1.951496223859773233e-27
5.281218288942549549e-29
1.507799312482732434e-28
5.587623016100965270e-29
2.911022527297856806e-28
5.624560053164644847e-29
1.539755452498499289e-28
6.397420238745000380e-29
6.819188412112310832e-28
6.348058353018655630e-29
1.513027054672925322e-28
5.011637040336195626e-29
2.924813022112503333e-28
4.736957942651614345e-29
1.441695530645761517e-28
5.122558914995881820e-29
1.487739974708438474e-27
4.826029388376612675e-29
1.489479444272919706e-28
4.764579696313495867e-29
2.918836862722339491e-28
5.173673718480785406e-29
1.570572084867335163e-28
7.196432460135647006e-29
6.599337288190348612e-28
6.876920304794662761e-29
1.620580952651566735e-28
5.434557641228523307e-29
2.910757087704248067e-28
4.698860109072810101e-29
1.405229967146120184e-28
4.944361258032659488e-29
5.797749637982720288e-27
4.782155307584637389e-29
1.420468808110817480e-28
4.768679783161945087e-29
2.910927181899983281e-28
5.323189723906350528e-29
1.563701293574182960e-28
6.788669070520170924e-29
6.599337288190348612e-28
7.153715832282863781e-29
1.613145231322181927e-28
5.086213107279701525e-29
2.918957820831624007e-28
4.764261404931333100e-29
1.449905544224979650e-28
5.077354290659027928e-29
1.487739974708438474e-27
4.905096801519892067e-29
1.428884083297015304e-28
4.819552698924650249e-29
2.924930776486021445e-28
5.017742656175352492e-29
1.509226396311827389e-28
6.543459455754477788e-29
6.819188412112310832e-28
7.216342820774700038e-29
1.586326512902274291e-28
5.480570133401507270e-29
2.911222220870128257e-28
5.188405871982185982e-29
1.487711859972427261e-28
5.353693488135656261e-29
1.951496223859773233e-27
5.801731341717959935e-29
1.448462927890207808e-28
5.787394418314951127e-29
3.171558868112303942e-28
6.241315191026257459e-29
2.304027113316675360e-28
8.666297725025368539e-29
7.896956046057342715e-28
1.082057893450823151e-28
2.704534056622711861e-28
1.331127137430998378e-28
3.452475221231378277e-28
6.526347835703966721e-28
6.594840548965800238e-22
6.534943405239290722e-16
2.312825023088453607e-11
4.302214193516210676e-07
1.338320205911196778e-03
1.786273947002400053e+00
2.529617198209805018e+00
2.848768369457887388e+02
2.296963624455603622e+03
2.252706162291472538e+03
2.919417201497582482e+03
3.334774549832648972e+03
2.118183434715799194e+03
1.235227205295515660e+03
2.285068895502285979e+00
1.784304006733758526e-06
3.842844695815753387e-09
3.806540558473061399e-12
