2.002903451316281222e+06
3.069449427197929640e-12
3.518035100462787361e-09
1.587138780504251715e-06
2.284185647178320178e+00
1.091646279630580466e+03
1.975947559230017077e+03
2.948727182227164121e+03
2.729569172992636595e+03
2.350878780331277085e+03
2.162411805954984629e+03
2.617401071946217144e+02
2.235310800039170154e+00
1.398549783244067868e+00
9.235681245119423599e-04
2.816377407036373965e-07
1.628103641617307876e-11
4.773999710568674565e-16
4.959762033801282002e-22
4.353618293399514110e-28
3.368182740268552092e-28
1.176347730689269663e-28
2.406407012667816983e-28
1.038756753463895015e-28
7.616281741165265999e-28
8.427456733212267718e-29
2.026336580784510828e-28
6.383334516791304311e-29
3.121999727121556196e-28
5.520065196085308667e-29
1.465624127445066911e-28
5.838017606781943904e-29
1.927895087536000924e-27
5.051726910090944657e-29
1.492529973317868051e-28
5.322595025893698519e-29
2.854345122443302418e-28
5.482628272424722476e-29
1.490183422944512457e-28
6.109394170953514926e-29
6.668458469053667254e-28
6.066351827765535028e-29
1.500983991905446556e-28
4.888551006781977345e-29
2.915328085725103734e-28
4.620653413345981201e-29
1.444933943360978022e-28
4.978190130108328168e-29
1.494141867241742284e-27
4.670380477796713336e-29
1.466754296871794886e-28
4.686682046909536778e-29
2.882015517626569130e-28
5.099228670859926627e-29
1.545127382906550783e-28
6.961989582754488464e-29
6.509609654886864937e-28
6.527721902763568121e-29
1.594064033519224542e-28
5.206385869853099928e-29
2.904652857955232352e-28
4.561158474735308317e-29
1.422872048118373877e-28
4.818998216213269163e-29
5.627014656044171166e-27
4.678784243313980593e-29
1.433164153099992068e-28
4.661928904107500652e-29
2.904697464512847994e-28
5.129932127551490008e-29
1.544871606635729536e-28
6.425235718405574522e-29
6.509609654886864937e-28
6.880599283799126962e-29
1.588659795912535019e-28
4.998365272599888041e-29
2.882391585739554994e-28
4.656188418134011863e-29
1.423811018161973348e-28
4.900944367404963299e-29
1.494141867241742284e-27
4.763409120834534629e-29
1.432637044816380339e-28
4.676061384435118961e-29
2.915380320349607527e-28
4.858444522229590604e-29
1.495228315127039068e-28
6.400211439930145141e-29
6.668458469053667254e-28
6.837060312757354324e-29
1.539432235718061390e-28
5.310789946500391020e-29
2.854411756397773496e-28
4.984284478869835806e-29
1.469743222304203614e-28
5.120772320224846986e-29
1.927895087536000924e-27
5.586203626118171752e-29
1.446360270270840470e-28
5.542200952607897911e-29
3.121825564837222042e-28
6.289202388389768179e-29
2.012954522064691309e-28
8.010136966305392113e-29
7.616281741165265999e-28
1.017667260573008642e-28
2.409852581491488527e-28
1.112854916929616920e-28
3.368093827503332002e-28
4.344485840775278978e-28
4.959872174243199605e-22
4.773999693480190170e-16
1.628103641617307876e-11
2.816377407034937186e-07
9.235681245119444199e-04
1.398549783244067868e+00
2.235310800039170154e+00
2.617401071946217144e+02
2.162411805954985084e+03
2.350878780331277540e+03
2.729569172992636595e+03
2.948727182227164121e+03
1.975947559230017077e+03
1.091646279630580466e+03
2.284185647178320178e+00
1.587138780504353570e-06
3.518035100444185310e-09
3.069449427437951765e-12
