2.019095344911161810e+06
2.740910908252534993e-12
3.328694597297659904e-09
1.475489694576755309e-06
2.312926124502920455e+00
9.734543918438718038e+02
1.877086412370087601e+03
2.953721186645213493e+03
2.508976157306219193e+03
2.326608351126275466e+03
2.088530695296073191e+03
2.374893841888956274e+02
2.005657606636945811e+00
1.186644039762220659e+00
7.375064030290984533e-04
2.144002991762050481e-07
1.251651010016221061e-11
3.670799545851662510e-16
3.773169360753017941e-22
3.176758476031328558e-28
3.302345243693868117e-28
1.124720984018755525e-28
2.398125997475419828e-28
9.374803335194651660e-29
7.170758745560040162e-28
7.947872874132591564e-29
2.008384688074437261e-28
5.974298610361645947e-29
3.055788662844973680e-28
5.398777278358195330e-29
1.456949799361123740e-28
5.477213742731741365e-29
1.921610467832987122e-27
4.882832380790911682e-29
1.465380190320476633e-28
5.198708496231442614e-29
2.891782041661137297e-28
5.624669753733277019e-29
1.496979143463021205e-28
6.002169117539427490e-29
6.655139438014154248e-28
5.990531648532230375e-29
1.493688704676833248e-28
4.767400402742644462e-29
2.877016334142825022e-28
4.588310968570826412e-29
1.441633320618952125e-28
4.948374062530134143e-29
1.496289175998031702e-27
4.659395066808069929e-29
1.455927162980595854e-28
4.602966096357907442e-29
2.905461700530443628e-28
4.967934664824308460e-29
1.548071656955265588e-28
6.900683441560475502e-29
6.460030011641021691e-28
6.435068007104496446e-29
1.554762300481188483e-28
5.043469517990174938e-29
2.862126387596653599e-28
4.534820126566557953e-29
1.389772408352983398e-28
4.820296674337833670e-29
5.830176226702980940e-27
4.688095816815337498e-29
1.401487357571456316e-28
4.611544512773017526e-29
2.862119899348351944e-28
4.950955929189250594e-29
1.516658202090301559e-28
6.245450694996571044e-29
6.460030011641021691e-28
6.738743098159731145e-29
1.584689928167209933e-28
4.870708593865590038e-29
2.905708457034503079e-28
4.603457441544414795e-29
1.417606949110918000e-28
4.888314724490432680e-29
1.496289175998031702e-27
4.717658086090320095e-29
1.430194812801599346e-28
4.653468034245135819e-29
2.877009305495632536e-28
4.782405346253134660e-29
1.487120663773143585e-28
6.274779667613454506e-29
6.655139438014154248e-28
6.779601853172254758e-29
1.533166459985614710e-28
5.321968346947415108e-29
2.891945600293143923e-28
4.889087627003661730e-29
1.444521595251421311e-28
4.991739147020751620e-29
1.921610467832987122e-27
5.272942940937588728e-29
1.440975514025315444e-28
5.419037386948149299e-29
3.055806132797968600e-28
5.911047539879006217e-29
1.989921046060652670e-28
7.657752400641440187e-29
7.170758745560040162e-28
9.245435541715848313e-29
2.400671610173318841e-28
1.066675741136170582e-28
3.302106953247721495e-28
3.174472377910521405e-28
3.773277134117593017e-22
3.670799521302930395e-16
1.251651010016221061e-11
2.144002991760852988e-07
7.375064030290997543e-04
1.186644039762220659e+00
2.005657606636946699e+00
2.374893841888956274e+02
2.088530695296073191e+03
2.326608351126276375e+03
2.508976157306219193e+03
2.953721186645213493e+03
1.877086412370088055e+03
9.734543918438718038e+02
2.312926124502920455e+00
1.475489694576793002e-06
3.328694597274024873e-09
2.740910908460098762e-12
