2.022612284989837324e+06
2.676420136257285225e-12
3.287505917586002811e-09
1.454907862453035965e-06
2.313990214156927294e+00
9.534061622580936728e+02
1.850934130959600679e+03
2.963061996081828056e+03
2.456972596742152746e+03
2.315992944581780648e+03
2.067429316338523222e+03
2.325576127833481053e+02
1.972473011143245136e+00
1.160514627145814881e+00
7.144872862091823087e-04
2.055894413191740984e-07
1.201199750081027862e-11
3.514676337692935181e-16
3.588680763235976595e-22
2.982698325320073066e-28
3.297795307519478950e-28
1.111059757375007383e-28
2.375586210551489616e-28
9.218898821238420391e-29
7.230690497939141930e-28
7.852383233273186100e-29
1.997889357840575991e-28
5.952335045853649248e-29
3.069123828325480779e-28
5.378422387441622551e-29
1.451473721727989695e-28
5.493578295356509513e-29
1.947871745917328613e-27
4.941379796544829099e-29
1.451545552186324807e-28
5.186742834882951799e-29
2.838848863235029869e-28
5.511246618563797960e-29
1.509928805344856568e-28
6.017112838059469033e-29
6.665682055024039240e-28
5.967439333935228418e-29
1.504684232401001702e-28
4.820895531124814153e-29
2.880329145972142177e-28
4.562384749222883595e-29
1.420133029183121675e-28
4.916006834746775824e-29
1.476434984199491387e-27
4.609711493025810563e-29
1.460218215460438105e-28
4.625570079022116294e-29
2.852084157537997719e-28
5.000432771270258726e-29
1.546817084935160025e-28
6.884259357124383063e-29
6.465732148659221361e-28
6.531457322088080816e-29
1.555379500839567175e-28
5.047619812329216727e-29
2.895366622883981236e-28
4.481846901612446324e-29
1.400818804822950299e-28
4.784286282130780861e-29
5.718733947270346792e-27
4.624664682497226046e-29
1.414148096973631692e-28
4.528723007207506379e-29
2.895212068653838420e-28
5.009924977909805132e-29
1.511585680341404646e-28
6.427072166502112724e-29
6.465732148659221361e-28
6.756583437763530088e-29
1.590573113763989211e-28
4.888371163672461468e-29
2.852227699495115857e-28
4.624091393329344119e-29
1.424255998514589046e-28
4.828613178319476179e-29
1.476434984199491387e-27
4.687704162505439124e-29
1.409682360800348934e-28
4.610157351982743206e-29
2.880145212342580315e-28
4.789687767157903937e-29
1.504176937898321343e-28
6.228930918329882624e-29
6.665682055024039240e-28
6.837136431299892393e-29
1.554278962383872111e-28
5.246052781173124365e-29
2.838866735920994474e-28
4.839249559962707830e-29
1.428891622447476118e-28
5.013067897120407593e-29
1.947871745917328613e-27
5.220479157600874758e-29
1.434072420180365893e-28
5.373955388435523701e-29
3.068991841819378556e-28
5.893247942984518614e-29
1.979316651073336647e-28
7.508452004931531195e-29
7.230690497939141930e-28
9.169563119516154951e-29
2.376278077790286040e-28
1.056429870915980808e-28
3.297688146083546869e-28
2.989128115995901145e-28
3.588784534605865662e-22
3.514676307333813556e-16
1.201199750081027862e-11
2.055894413190796543e-07
7.144872862091838266e-04
1.160514627145815325e+00
1.972473011143245136e+00
2.325576127833481621e+02
2.067429316338523677e+03
2.315992944581780648e+03
2.456972596742152746e+03
2.963061996081828056e+03
1.850934130959600679e+03
9.534061622580936728e+02
2.313990214156927294e+00
1.454907862453055235e-06
3.287505917560245647e-09
2.676420136433235589e-12
