2.033500739143494051e+06
2.470830151168386527e-12
3.149537314453537599e-09
1.386590262686837657e-06
2.297295161035257216e+00
9.246756937421188240e+02
1.790144979993258858e+03
2.976092518001254575e+03
2.353718974985350542e+03
2.257892499273489193e+03
1.986745087480765051e+03
2.189953816816847336e+02
1.867799149123376523e+00
1.083156708018820913e+00
6.495820903823205537e-04
1.810852686084712025e-07
1.049516696773451268e-11
3.032082370293377493e-16
3.031052695499886667e-22
2.546165763632614710e-28
3.275762236109579837e-28
1.080992291604872471e-28
2.291926181599519522e-28
8.815150599998166353e-29
7.063525246238725715e-28
7.650327746085642669e-29
1.964912277851174078e-28
5.900054794192851859e-29
3.047299970534928226e-28
5.466167396110286031e-29
1.441710884836193573e-28
5.375850932891184325e-29
1.927936134438006168e-27
4.875922114998777804e-29
1.453347455353195333e-28
5.210175549218917419e-29
2.853979486358864430e-28
5.513530370878836324e-29
1.500297315733984852e-28
5.935271527106423808e-29
6.635552332590709437e-28
5.932613131682561193e-29
1.473407385368337185e-28
4.749305882200941884e-29
2.849736602343390167e-28
4.518794415264785050e-29
1.420153834714930117e-28
4.925575091073059234e-29
1.477726312411812357e-27
4.615322550181705840e-29
1.443688847641836560e-28
4.584019308688570837e-29
2.886270640340345187e-28
4.884925809325277477e-29
1.529632574513441448e-28
6.691077899318128617e-29
6.416701820675379635e-28
6.422895694087764354e-29
1.541633199768049910e-28
4.998669087576618457e-29
2.868038399917142197e-28
4.453296219244615553e-29
1.390985219865762669e-28
4.655503425196858511e-29
5.677048819880150559e-27
4.535721410658604766e-29
1.402316924337889033e-28
4.550537957912329323e-29
2.868282623602397740e-28
4.947188707675834061e-29
1.493722582765704009e-28
6.310070363851796144e-29
6.416701820675379635e-28
6.613242756909541340e-29
1.580530109083475577e-28
4.803799070101287072e-29
2.886072096255138485e-28
4.550439499081516029e-29
1.412049666229015885e-28
4.822010011133406538e-29
1.477726312411812357e-27
4.708057179580780792e-29
1.408584779202104954e-28
4.579118706318089252e-29
2.849852053616587963e-28
4.726670798937937428e-29
1.456981691605577610e-28
6.254464293107408810e-29
6.635552332590709437e-28
6.794347869513516639e-29
1.539138257821435453e-28
5.275092587260595174e-29
2.854359153723274650e-28
4.902611577376834542e-29
1.432735810250003612e-28
4.962102526973594076e-29
1.927936134438006168e-27
5.197637303040651887e-29
1.425063240218791206e-28
5.468426747248584308e-29
3.046979198727093242e-28
5.839115842489288730e-29
1.947138314963251989e-28
7.354357196259832711e-29
7.063525246238725715e-28
8.710458949470016895e-29
2.297522900627046175e-28
1.031966367602880934e-28
3.275600607561609274e-28
2.547406646650013757e-28
3.031156782571671463e-22
3.032082343217058617e-16
1.049516696773451268e-11
1.810852686083701938e-07
6.495820903823219632e-04
1.083156708018821579e+00
1.867799149123376745e+00
2.189953816816847905e+02
1.986745087480765505e+03
2.257892499273489648e+03
2.353718974985350542e+03
2.976092518001254575e+03
1.790144979993258858e+03
9.246756937421188240e+02
2.297295161035257216e+00
1.386590262686820293e-06
3.149537314423280987e-09
2.470830151279426638e-12
